epoch,train_loss,val_bce_loss,val_log_loss,val_benign_log_loss,val_standalone_log_loss,val_brier_score,val_accuracy,val_balanced_accuracy,val_precision,val_recall,val_f1,val_mcc,val_ece,val_roc_auc,val_pr_auc,val_optimal_threshold,val_optimal_accuracy,val_optimal_f1,val_benign_mean_score,val_standalone_mean_score,aug_val_bce_loss,aug_val_log_loss,aug_val_benign_log_loss,aug_val_standalone_log_loss,aug_val_brier_score,aug_val_accuracy,aug_val_balanced_accuracy,aug_val_precision,aug_val_recall,aug_val_f1,aug_val_mcc,aug_val_ece,aug_val_roc_auc,aug_val_pr_auc,aug_val_optimal_threshold,aug_val_optimal_accuracy,aug_val_optimal_f1,aug_val_benign_mean_score,aug_val_standalone_mean_score
1,0.9806492328643799,0.7692182857233018,0.7692182738552593,0.30560389315829073,1.2529898015390528,0.2832734009541752,0.5106382978723404,0.5,0.0,0.0,0.0,0.0,0.21682127913896074,0.6340579710144927,0.6714575035883421,0.3486451208591461,0.6595744680851063,0.5,0.26088663935661316,0.29299217462539673,0.821706457091474,0.8217064428576093,0.3265274354968361,1.338414972277547,0.30408069393390696,0.5106382978723404,0.5,0.0,0.0,0.0,0.0,0.235572357761099,0.4800724637681159,0.4839203617069351,0.2689414322376251,0.5319148936170213,0.56,0.2756710648536682,0.2690278887748718
2,0.7372421622276306,0.713196035532235,0.7131960443976059,0.9631327558216389,0.4523925194333975,0.2593074812910505,0.5319148936170213,0.5407608695652174,0.5116279069767442,0.9565217391304348,0.6666666666666666,0.14604232941787731,0.13544366714802192,0.5942028985507246,0.5952564808695495,0.622459352016449,0.6170212765957447,0.6538461538461539,0.6077702045440674,0.6425811052322388,0.7227019884545881,0.7227019948771727,0.9239509264404079,0.5127031097677096,0.2644161495940046,0.46808510638297873,0.47644927536231885,0.47619047619047616,0.8695652173913043,0.6153846153846154,-0.07636496582544282,0.14499106495938405,0.5498188405797102,0.5661411383004493,0.622459352016449,0.574468085106383,0.5652173913043478,0.5972093343734741,0.605375349521637
3,0.7125635743141174,0.6775295856484057,0.6775295888027462,0.7954336969026773,0.554499215133253,0.24269181489505479,0.5531914893617021,0.5597826086956521,0.5263157894736842,0.8695652173913043,0.6557377049180327,0.15190124858317955,0.09400664365037957,0.6322463768115942,0.6460843835749689,0.5926666259765625,0.6170212765957447,0.6086956521739131,0.5406555533409119,0.5832402110099792,0.6975588432775752,0.6975588526604903,0.7661644867938117,0.6259703648691987,0.2521976333998059,0.48936170212765956,0.4945652173913043,0.4857142857142857,0.7391304347826086,0.5862068965517241,-0.01246111965698067,0.15573815018572706,0.5498188405797102,0.5945013620235299,0.622459352016449,0.6170212765957447,0.47058823529411764,0.5281152129173279,0.5447072386741638
4,0.6876598000526428,0.7206676177168623,0.7206676060830434,0.34122267695334796,1.1166101408270737,0.26184757565189964,0.5531914893617021,0.5434782608695652,1.0,0.08695652173913043,0.16,0.2153527608232662,0.17803005620520165,0.6920289855072463,0.6819417701541344,0.2689414322376251,0.723404255319149,0.7636363636363637,0.28554567694664,0.3382387161254883,0.8106233656065793,0.8106233569481486,0.320049459062258,1.3225265547421219,0.2959043710637775,0.5319148936170213,0.5217391304347826,1.0,0.043478260869565216,0.08333333333333333,0.1506131137016415,0.21316773333448047,0.5507246376811593,0.5780253542772145,0.3208213150501251,0.5957446808510638,0.5128205128205128,0.27085694670677185,0.2817630469799042
5,0.7330068349838257,0.6778377529485667,0.677837751852298,0.7236693945891229,0.6300134289964806,0.24222112444513638,0.6170212765957447,0.6213768115942029,0.5757575757575758,0.8260869565217391,0.6785714285714286,0.2653470548913146,0.11354574434300688,0.634963768115942,0.5962511748548642,0.5,0.6170212765957447,0.6785714285714286,0.5085543990135193,0.5385333299636841,0.7001199552207237,0.7001199637717695,0.679758373909149,0.7213668401501565,0.2530341711699435,0.5319148936170213,0.5335144927536232,0.5185185185185185,0.6086956521739131,0.56,0.0677696597656781,0.11330056444127509,0.5471014492753623,0.5799695353957098,0.562176525592804,0.574468085106383,0.4117647058823529,0.48981523513793945,0.4964633285999298
6,0.7198375463485718,0.6879156443438796,0.6879156520025841,0.7752412094244688,0.5967933312145305,0.24724431368065605,0.5957446808510638,0.6005434782608696,0.5588235294117647,0.8260869565217391,0.6666666666666666,0.22472029962411424,0.07678655677653373,0.5706521739130435,0.518004623664874,0.46879062056541443,0.5957446808510638,0.6885245901639344,0.5317805409431458,0.5547065734863281,0.7150610733608321,0.7150610615868194,0.7419539350900722,0.68699893271386,0.26069097260895074,0.425531914893617,0.4302536231884058,0.4411764705882353,0.6521739130434783,0.5263157894736842,-0.15588705469420538,0.13392407082496804,0.47282608695652173,0.5302763313048798,0.562176525592804,0.5957446808510638,0.5128205128205128,0.5192975997924805,0.510720431804657
7,0.7076039910316467,0.7478004659566554,0.7478004755120619,0.8694399254623179,0.6208723538248382,0.2758750450129402,0.5531914893617021,0.5588768115942029,0.5277777777777778,0.8260869565217391,0.6440677966101694,0.1390260631335727,0.19980014321651865,0.44474637681159424,0.5109879818171255,0.5,0.5531914893617021,0.6440677966101694,0.5684013962745667,0.5499504804611206,0.7219185498444992,0.721918563892516,0.8431125891294257,0.5954552332105235,0.2637753086669969,0.5106382978723404,0.5172101449275363,0.5,0.8260869565217391,0.6229508196721312,0.043729147319400176,0.08949517950098565,0.49547101449275355,0.5153795941955054,0.5312093496322632,0.5319148936170213,0.6206896551724138,0.5605435967445374,0.5603067874908447
8,0.7209688425064087,0.7352640666869608,0.7352640716700215,0.8634548187665211,0.6014998138301959,0.2702380864432938,0.48936170212765956,0.4963768115942029,0.48717948717948717,0.8260869565217391,0.6129032258064516,-0.009638582199437338,0.1201252766112064,0.4275362318840579,0.45948784456974034,0.6791787147521973,0.5106382978723404,0.14814814814814814,0.5721516013145447,0.5529595017433167,0.7113074592255368,0.7113074713561873,0.8103140383094853,0.6079962710570938,0.2588478940717328,0.5106382978723404,0.5190217391304348,0.5,0.9130434782608695,0.6461538461538462,0.061679395474396125,0.05999137556299249,0.4628623188405797,0.48225485919247735,0.6791787147521973,0.5319148936170213,0.15384615384615385,0.5509893298149109,0.5476456880569458
9,0.7025506496429443,0.7197243126522594,0.7197243212290937,0.78855412891455,0.6479019132094869,0.2628300111423525,0.46808510638297873,0.473731884057971,0.4722222222222222,0.7391304347826086,0.576271186440678,-0.0620270127826709,0.08696674095823409,0.46376811594202894,0.47206446571969635,0.5312093496322632,0.5531914893617021,0.5714285714285714,0.5407266020774841,0.5268271565437317,0.69501593076377,0.6950159428228811,0.7301227290485993,0.6583827745873494,0.2508692968016544,0.574468085106383,0.5797101449275363,0.5428571428571428,0.8260869565217391,0.6551724137931034,0.18276308830238316,0.04010835987456301,0.532608695652174,0.5028547863118383,0.5,0.574468085106383,0.6551724137931034,0.5141140818595886,0.5201666355133057
10,0.7294105291366577,0.7197243126522594,0.7197243212290937,0.78855412891455,0.6479019132094869,0.2628300111423525,0.46808510638297873,0.473731884057971,0.4722222222222222,0.7391304347826086,0.576271186440678,-0.0620270127826709,0.08696674095823409,0.46376811594202894,0.47206446571969635,0.5312093496322632,0.5531914893617021,0.5714285714285714,0.5407266020774841,0.5268271565437317,0.69501593076377,0.6950159428228811,0.7301227290485993,0.6583827745873494,0.2508692968016544,0.574468085106383,0.5797101449275363,0.5428571428571428,0.8260869565217391,0.6551724137931034,0.18276308830238316,0.04010835987456301,0.532608695652174,0.5028547863118383,0.5,0.574468085106383,0.6551724137931034,0.5141140818595886,0.5201666355133057
11,0.7011096477508545,0.6949582700994237,0.6949582840009654,0.6720683356555988,0.7188434474917829,0.2513711354891128,0.5531914893617021,0.5543478260869565,0.5384615384615384,0.6086956521739131,0.5714285714285714,0.10929124924699354,0.04092431702512375,0.4945652173913043,0.5096500796800216,0.46879062056541443,0.5531914893617021,0.631578947368421,0.48271849751472473,0.4923766553401947,0.7020357935546133,0.7020358123243491,0.7141774455401393,0.6893662820122202,0.2544826407550092,0.5106382978723404,0.5135869565217391,0.5,0.6521739130434783,0.5660377358490566,0.02827070456449379,0.039907381255575955,0.49094202898550726,0.5243327085834023,0.6513548493385315,0.5531914893617021,0.16,0.5063918232917786,0.5063328742980957
12,0.6984760761260986,0.6850824891841113,0.6850825008435443,0.6704972413143472,0.7003019020914024,0.24646932192278942,0.5531914893617021,0.5552536231884058,0.5357142857142857,0.6521739130434783,0.5882352941176471,0.11256528622762256,0.08779696517802299,0.5190217391304348,0.5182229748086525,0.4073334038257599,0.5957446808510638,0.7076923076923077,0.4826447665691376,0.5006416440010071,0.7112047076965615,0.7112047127882639,0.7264535232900643,0.6952929105255158,0.258902580449197,0.425531914893617,0.42934782608695654,0.4375,0.6086956521739131,0.509090909090909,-0.151532031339051,0.11917755071153033,0.44021739130434784,0.46677385846162317,0.562176525592804,0.5106382978723404,0.34285714285714286,0.5128273367881775,0.502592146396637
13,0.7041510939598083,0.6930824967793846,0.6930825034475054,0.6390105009172958,0.7495054626094635,0.2503541356345124,0.5319148936170213,0.5326086956521738,0.52,0.5652173913043478,0.5416666666666666,0.0653358607776565,0.05108617975356731,0.5217391304347826,0.5247495331168295,0.3775406777858734,0.5531914893617021,0.6865671641791045,0.46636542677879333,0.478276789188385,0.7022733394165189,0.7022733505127355,0.6752968083246828,0.7304227858393993,0.2543414477615879,0.5319148936170213,0.5344202898550725,0.5172413793103449,0.6521739130434783,0.5769230769230769,0.07079112371823351,0.104892243096169,0.5181159420289855,0.5382400071724293,0.5312093496322632,0.5531914893617021,0.46153846153846156,0.4884258806705475,0.4880824685096741
14,0.7096482515335083,0.6877796023046421,0.6877796159729432,0.6529956175342417,0.7240759621698492,0.2477030156615131,0.574468085106383,0.5760869565217391,0.5555555555555556,0.6521739130434783,0.6,0.1538554437923503,0.08382180523365101,0.536231884057971,0.5367606135488323,0.4073334038257599,0.5957446808510638,0.7076923076923077,0.4735921621322632,0.48881274461746216,0.7017545977021383,0.7017546089264832,0.6996151676923357,0.7039870693447242,0.2542718198787019,0.5319148936170213,0.536231884057971,0.5151515151515151,0.7391304347826086,0.6071428571428571,0.07920807608695958,0.026150678700589118,0.48731884057971014,0.5086334417971791,0.5,0.5319148936170213,0.6071428571428571,0.500088095664978,0.49856892228126526
15,0.6932088136672974,0.6999587554280503,0.6999587528454895,0.7592182243514146,0.6381227825784372,0.253605979558313,0.5957446808510638,0.6041666666666666,0.5476190476190477,1.0,0.7076923076923077,0.337768118074074,0.12986016970999698,0.4528985507246377,0.5249684940138627,0.5,0.5957446808510638,0.7076923076923077,0.5257640480995178,0.5309903025627136,0.6940428645172976,0.6940428628665137,0.7643582211682487,0.6206703150733998,0.2502901716278152,0.5531914893617021,0.5625,0.5227272727272727,1.0,0.6865671641791045,0.2556186790727726,0.05905210084103523,0.5498188405797102,0.5091146977016543,0.5,0.5531914893617021,0.6865671641791045,0.5307355523109436,0.5390079021453857
16,0.6887460350990295,0.7164577559541938,0.7164577615872099,0.7995956031812606,0.6297052312282005,0.26144310277455846,0.5319148936170213,0.5407608695652174,0.5116279069767442,0.9565217391304348,0.6666666666666666,0.14604232941787731,0.09272618496671636,0.411231884057971,0.47522582965036153,0.46879062056541443,0.5531914893617021,0.6865671641791045,0.5458870530128479,0.5353822112083435,0.6997027153627489,0.6997027211999453,0.7792087871139168,0.6167398698114532,0.2530172659241637,0.5319148936170213,0.5407608695652174,0.5116279069767442,0.9565217391304348,0.6666666666666666,0.14604232941787731,0.06087239498787737,0.5235507246376812,0.4975782249077976,0.46879062056541443,0.5531914893617021,0.6865671641791045,0.536997377872467,0.5415793061256409
17,0.7103362679481506,0.704674814646052,0.704674824187698,0.7462747462727979,0.6612662098380283,0.2557657995047538,0.48936170212765956,0.4990942028985507,0.4888888888888889,0.9565217391304348,0.6470588235294118,-0.004486515850484713,0.049192207924863125,0.43297101449275366,0.4807821370916543,0.6513548493385315,0.5319148936170213,0.08333333333333333,0.5245667099952698,0.5174044966697693,0.7122274015165305,0.7122274080990405,0.7812345268029386,0.6402199798862774,0.2593724524442452,0.5319148936170213,0.5416666666666666,0.5111111111111111,1.0,0.6764705882352942,0.2063797291222968,0.0448672612930866,0.4257246376811594,0.4551216473211358,0.5,0.5319148936170213,0.6764705882352942,0.5399133563041687,0.5282976031303406
18,0.7131884694099426,0.7112597244652678,0.7112597341548191,0.8380594338009951,0.5789470040892444,0.25891036515236526,0.46808510638297873,0.4782608695652174,0.4782608695652174,0.9565217391304348,0.6376811594202898,-0.1506131137016415,0.10261239586992467,0.46195652173913043,0.49450100838308214,0.7057850360870361,0.5531914893617021,0.2222222222222222,0.5636857151985168,0.5643167495727539,0.7153009195632106,0.7153009270698732,0.8424940645115981,0.5825776532176382,0.2604876283955446,0.48936170212765956,0.4990942028985507,0.4888888888888889,0.9565217391304348,0.6470588235294118,-0.004486515850484713,0.08718234490840993,0.4936594202898551,0.49806243385775006,0.622459352016449,0.5531914893617021,0.36363636363636365,0.5647633075714111,0.5612824559211731
19,0.7247795462608337,0.6811001269004882,0.6811001226621621,0.8209008430532626,0.5352211100801442,0.24426281039066688,0.48936170212765956,0.5,0.48936170212765956,1.0,0.6571428571428571,0.0,0.13164895899752352,0.6675724637681159,0.6335679156893987,0.562176525592804,0.6382978723404256,0.6909090909090909,0.5578357577323914,0.5877004861831665,0.706472822547894,0.7064728304582756,0.8329447674919009,0.5745021135536229,0.25649319287146194,0.48936170212765956,0.5,0.48936170212765956,1.0,0.6571428571428571,0.0,0.07429354558599756,0.5054347826086957,0.507446402778454,0.5312093496322632,0.5531914893617021,0.6666666666666666,0.5629530549049377,0.5643879771232605
20,0.7282285690307617,0.6861081387807325,0.6861081338322859,0.7897555547909576,0.5779543032667156,0.2465069099506255,0.48936170212765956,0.4990942028985507,0.4888888888888889,0.9565217391304348,0.6470588235294118,-0.004486515850484713,0.06639664033625989,0.6295289855072463,0.5917827757026567,0.562176525592804,0.6170212765957447,0.6086956521739131,0.5436990857124329,0.5629141926765442,0.7251667617487055,0.7251667651075471,0.8489205033198393,0.596032429581677,0.26552093152597894,0.48936170212765956,0.4990942028985507,0.4888888888888889,0.9565217391304348,0.6470588235294118,-0.004486515850484713,0.07427511189846282,0.3940217391304348,0.43713135210286974,0.46879062056541443,0.48936170212765956,0.6571428571428571,0.5691446661949158,0.5524619817733765
21,0.6909276247024536,0.7000387086110882,0.7000387153932021,0.8447447463418193,0.5490411178816013,0.2534861125613712,0.5106382978723404,0.5208333333333334,0.5,1.0,0.6666666666666666,0.14433756729740643,0.08415494700695605,0.5507246376811594,0.5475473801560757,0.5926666259765625,0.5531914893617021,0.5116279069767442,0.566188395023346,0.5811634659767151,0.6894683781314558,0.6894683800834165,0.8224887231441871,0.5506645438460908,0.24791126982352008,0.5319148936170213,0.5416666666666666,0.5111111111111111,1.0,0.6764705882352942,0.2063797291222968,0.07767783517533161,0.6068840579710144,0.5452900892798591,0.5312093496322632,0.6382978723404256,0.7017543859649122,0.5559539198875427,0.5786071419715881
22,0.6948308348655701,0.7445194595552873,0.7445194473825015,0.3766492285404596,1.1283840235655018,0.27321633984497834,0.5319148936170213,0.5217391304347826,1.0,0.043478260869565216,0.08333333333333333,0.1506131137016415,0.16908421161326956,0.532608695652174,0.6091588416148399,0.3775406777858734,0.6170212765957447,0.35714285714285715,0.31342101097106934,0.3274320960044861,0.7611989899107984,0.7611989808792377,0.39266063209251295,1.1457607361349502,0.28066963312897963,0.5106382978723404,0.5,0.0,0.0,0.0,0.0,0.17142341238387088,0.44021739130434784,0.5234820147742965,0.4073334038257599,0.574468085106383,0.2857142857142857,0.32391396164894104,0.3213386833667755
23,0.7589898109436035,0.6871248818330911,0.6871248790218584,0.739935368002906,0.6320182818242434,0.24725533777705555,0.425531914893617,0.4338768115942029,0.4523809523809524,0.8260869565217391,0.5846153846153846,-0.21440932712528177,0.13781365752220154,0.5217391304347826,0.6057833115951605,0.5926666259765625,0.6170212765957447,0.35714285714285715,0.5220460891723633,0.5344579219818115,0.706101937598229,0.7061019449859517,0.7658739782531273,0.6437311276636816,0.2565311105193897,0.425531914893617,0.43478260869565216,0.45454545454545453,0.8695652173913043,0.5970149253731343,-0.26673253468463226,0.14714516350563536,0.4302536231884058,0.5187160183258803,0.622459352016449,0.574468085106383,0.2857142857142857,0.5335703492164612,0.5279707908630371
24,0.7250333428382874,0.6715509138041661,0.6715509179198657,0.6999795349799517,0.6418862740310803,0.23936271765990175,0.5106382978723404,0.5190217391304348,0.5,0.9130434782608695,0.6461538461538462,0.061679395474396125,0.056626148046331204,0.6494565217391304,0.6395531400966183,0.5312093496322632,0.6382978723404256,0.5641025641025641,0.5026007294654846,0.5281147360801697,0.6920954735036129,0.6920954826695859,0.7244698865453977,0.658313496016565,0.24948799437382765,0.46808510638297873,0.47644927536231885,0.47619047619047616,0.8695652173913043,0.6153846153846154,-0.07636496582544282,0.07243721092000922,0.5344202898550725,0.5292034433910864,0.5312093496322632,0.574468085106383,0.5238095238095238,0.5142339468002319,0.5188619494438171
25,0.6901755332946777,0.693682647715051,0.6936826467175705,0.7178033187111845,0.668513249854669,0.25028713569423555,0.425531914893617,0.4338768115942029,0.4523809523809524,0.8260869565217391,0.5846153846153846,-0.21440932712528177,0.09367871728349239,0.49818840579710144,0.5273180502543293,0.562176525592804,0.5531914893617021,0.27586206896551724,0.5116832852363586,0.513495922088623,0.7050630431031304,0.7050630464384441,0.7426208598409518,0.6658722846271321,0.25596614521456834,0.46808510638297873,0.47735507246376807,0.4772727272727273,0.9130434782608695,0.6268656716417911,-0.09261546343216398,0.07112964036616874,0.3940217391304347,0.46759554044475415,0.622459352016449,0.5319148936170213,0.08333333333333333,0.523346483707428,0.5148018002510071
26,0.7068027853965759,0.6792858756088914,0.6792858784204755,0.7159292137343604,0.6410493546146828,0.24317738242017115,0.5106382978723404,0.519927536231884,0.5,0.9565217391304348,0.6567164179104478,0.0815016078203043,0.044569634376688205,0.6123188405797103,0.5924462011418532,0.5312093496322632,0.5957446808510638,0.5365853658536586,0.5103728175163269,0.5281970500946045,0.6993647682419798,0.6993647809207613,0.7407442482617957,0.6561862063040296,0.2531034388683207,0.48936170212765956,0.49818840579710144,0.4883720930232558,0.9130434782608695,0.6363636363636364,-0.006490770196350104,0.054449976758754,0.49365942028985504,0.5152758044315406,0.5312093496322632,0.5319148936170213,0.5,0.5219959616661072,0.5201982259750366
27,0.706247866153717,0.7028665718794835,0.7028665750050401,0.7287066890418951,0.6759029777491913,0.25485255442541266,0.425531914893617,0.43478260869565216,0.45454545454545453,0.8695652173913043,0.5970149253731343,-0.26673253468463226,0.09168661084580929,0.4184782608695652,0.47382649342640093,0.5926666259765625,0.5319148936170213,0.08333333333333333,0.5168647170066833,0.5094461441040039,0.7118387673283828,0.7118387790450911,0.7516482442608176,0.6702984675156372,0.2592866540421445,0.5106382978723404,0.519927536231884,0.5,0.9565217391304348,0.6567164179104478,0.0815016078203043,0.03047191335799846,0.37318840579710144,0.45309477756286265,0.5,0.5106382978723404,0.6567164179104478,0.5271874070167542,0.5121600031852722
28,0.6919732093811035,0.7029952429457733,0.7029952397624839,0.7065746397501735,0.6992602136883729,0.2549118167453017,0.425531914893617,0.43478260869565216,0.45454545454545453,0.8695652173913043,0.5970149253731343,-0.26673253468463226,0.08176724010325492,0.38768115942028986,0.4434404432393411,0.43782350420951843,0.48936170212765956,0.6571428571428571,0.5065019726753235,0.4972967207431793,0.6929357748169651,0.6929357811618402,0.7053473776864664,0.6799845500057088,0.24989477808539037,0.5106382978723404,0.5208333333333334,0.5,1.0,0.6666666666666666,0.14433756729740643,0.01661956120044627,0.5280797101449276,0.5120772946859904,0.5312093496322632,0.5319148936170213,0.3125,0.505211353302002,0.5067846179008484
29,0.6959674954414368,0.7051111810739039,0.7051111860481848,0.7016903676829106,0.7086807356467315,0.2559382544183717,0.3829787234042553,0.39039855072463764,0.425,0.7391304347826086,0.5396825396825397,-0.3077774632322939,0.12893269987816505,0.41666666666666663,0.4485922857257772,0.5312093496322632,0.5319148936170213,0.21428571428571427,0.5038809776306152,0.4932571351528168,0.6927712644019913,0.6927712704653166,0.6944465303666177,0.6910231731770023,0.24981005372621395,0.5319148936170213,0.5398550724637681,0.5121951219512195,0.9130434782608695,0.65625,0.11940309498806996,0.0219750924313322,0.519927536231884,0.49848002827854365,0.5,0.5319148936170213,0.65625,0.49998989701271057,0.5013464093208313
30,0.6999958157539368,0.6912344789899458,0.6912344794193299,0.6964826562806845,0.685758120955308,0.2490539953325353,0.48936170212765956,0.49818840579710144,0.4883720930232558,0.9130434782608695,0.6363636363636364,-0.006490770196350104,0.019924375605075918,0.5072463768115942,0.5131445904954499,0.562176525592804,0.5319148936170213,0.08333333333333333,0.5013105273246765,0.5040602684020996,0.6904660896568828,0.6904660912034661,0.7094768112409042,0.6706288181209225,0.2486819909608823,0.5319148936170213,0.5416666666666666,0.5111111111111111,1.0,0.6764705882352942,0.2063797291222968,0.02656236354340898,0.5181159420289856,0.5027667984189723,0.5,0.5319148936170213,0.6764705882352942,0.5064918398857117,0.5120984315872192
31,0.689300000667572,0.6954308388700763,0.6954308379438747,0.7099094975121979,0.6803226714377987,0.2511381099480982,0.5319148936170213,0.5416666666666666,0.5111111111111111,1.0,0.6764705882352942,0.2063797291222968,0.02197508862678041,0.48188405797101447,0.5024154589371981,0.5,0.5319148936170213,0.6764705882352942,0.5077821612358093,0.5067635774612427,0.7099662678272289,0.7099662736193618,0.7383740852655539,0.6803233397276836,0.2583024335516331,0.5106382978723404,0.519927536231884,0.5,0.9565217391304348,0.6567164179104478,0.0815016078203043,0.02449125178316806,0.4048913043478261,0.456059204440333,0.5,0.5106382978723404,0.6567164179104478,0.520636796951294,0.5067740678787231
32,0.6890940070152283,0.6945562638233602,0.6945562648253816,0.7026631458839768,0.6860969106772825,0.250693878998988,0.5106382978723404,0.5181159420289855,0.5,0.8695652173913043,0.6349206349206349,0.05087230797227998,0.014596866800429972,0.490036231884058,0.5057971014492754,0.562176525592804,0.5319148936170213,0.15384615384615385,0.5038712024688721,0.5040497183799744,0.7043985918884345,0.7043985965052285,0.7273080606196931,0.6804930687336133,0.25553356484918666,0.48936170212765956,0.49818840579710144,0.4883720930232558,0.9130434782608695,0.6363636363636364,-0.006490770196350104,0.02715764781262012,0.45471014492753614,0.46509399749831737,0.46879062056541443,0.48936170212765956,0.6571428571428571,0.515455424785614,0.5067740678787231
33,0.696610152721405,0.6942240332263858,0.6942240382222991,0.7050227034234106,0.6829558658385307,0.2505177827196562,0.48936170212765956,0.4990942028985507,0.4888888888888889,0.9565217391304348,0.6470588235294118,-0.004486515850484713,0.019898753851018056,0.5181159420289856,0.49337474120082814,0.5312093496322632,0.5319148936170213,0.26666666666666666,0.5051615238189697,0.5054172277450562,0.7067310241351927,0.7067310268262273,0.7241452035834083,0.6885597119491692,0.25674606663647065,0.48936170212765956,0.4990942028985507,0.4888888888888889,0.9565217391304348,0.6470588235294118,-0.004486515850484713,0.024531521061633497,0.3976449275362319,0.4575523972378736,0.43782350420951843,0.48936170212765956,0.6571428571428571,0.514244019985199,0.5027137994766235
34,0.7223724722862244,0.6827312431329476,0.6827312513265728,0.7103936948090982,0.6538660929100246,0.2448862651149637,0.5319148936170213,0.5416666666666666,0.5111111111111111,1.0,0.6764705882352942,0.2063797291222968,0.05596213645123421,0.611413043478261,0.5869565217391304,0.5312093496322632,0.5957446808510638,0.45714285714285713,0.5077421069145203,0.5213929414749146,0.7022046844867076,0.7022046857541364,0.7204888105492303,0.6831255990114297,0.2545056085662087,0.48936170212765956,0.4990942028985507,0.4888888888888889,0.9565217391304348,0.6470588235294118,-0.004486515850484713,0.02390346311508341,0.4329710144927536,0.46572104018912525,0.43782350420951843,0.48936170212765956,0.6571428571428571,0.5129837393760681,0.5054382085800171
35,0.6950570940971375,0.6825850530629597,0.6825850578404505,0.6900483239022553,0.6747973019498715,0.24473771153786406,0.5319148936170213,0.5371376811594203,0.5142857142857142,0.782608695652174,0.6206896551724138,0.08515098432270124,0.014622217797218486,0.6159420289855072,0.5968113534594829,0.5312093496322632,0.6382978723404256,0.5641025641025641,0.4974191188812256,0.5108343958854675,0.7004561703591292,0.7004561765703365,0.7053511520339507,0.6953483760865653,0.25361823226797037,0.48936170212765956,0.49547101449275366,0.4864864864864865,0.782608695652174,0.6,-0.011063679935236808,0.03184100288025876,0.4746376811594203,0.4732228451389454,0.4073334038257599,0.48936170212765956,0.6571428571428571,0.505191445350647,0.5000417828559875
36,0.6956218481063843,0.6796708942989433,0.6796708948876554,0.6976087540249948,0.6609531288313013,0.24324989424023882,0.5106382978723404,0.5190217391304348,0.5,0.9130434782608695,0.6461538461538462,0.061679395474396125,0.019848198966777073,0.6485507246376812,0.6181961013598386,0.5312093496322632,0.6595744680851063,0.5294117647058824,0.501211404800415,0.5175561308860779,0.6864111021480644,0.6864111004387013,0.6911116726045933,0.6815061555699448,0.24666192692858901,0.48936170212765956,0.49818840579710144,0.4883720930232558,0.9130434782608695,0.6363636363636364,-0.006490770196350104,0.02122171001231417,0.5452898550724637,0.562923601699068,0.562176525592804,0.574468085106383,0.23076923076923078,0.49870967864990234,0.5067322850227356
37,0.6906667947769165,0.6984219979900295,0.6984220023011855,0.7053505263656393,0.6911922380600164,0.25262036883111083,0.5531914893617021,0.5615942028985508,0.5238095238095238,0.9565217391304348,0.676923076923077,0.19972375677423507,0.040605926450262675,0.47554347826086957,0.49850226862252767,0.5,0.5531914893617021,0.676923076923077,0.5051813721656799,0.5013568997383118,0.6961770658230559,0.6961770662300009,0.700142189295102,0.6920395465098956,0.25151887912281773,0.48936170212765956,0.4963768115942029,0.48717948717948717,0.8260869565217391,0.6129032258064516,-0.009638582199437338,0.02719778646814062,0.46195652173913043,0.503662325956498,0.562176525592804,0.5319148936170213,0.21428571428571427,0.5026007294654846,0.5013359189033508
38,0.6884798407554626,0.6946399574384575,0.6946399594139365,0.7070613513590019,0.6816785069495204,0.2507364118732512,0.44680851063829785,0.4556159420289855,0.46511627906976744,0.8695652173913043,0.6060606060606061,-0.15902386981057753,0.06776405712391467,0.5253623188405797,0.5146676627949351,0.5312093496322632,0.574468085106383,0.4117647058823529,0.5064817070960999,0.5067740678787231,0.6956790429001476,0.6956790466560627,0.7048625634201885,0.6860962465543667,0.25125537512107515,0.48936170212765956,0.4990942028985507,0.4888888888888889,0.9565217391304348,0.6470588235294118,-0.004486515850484713,0.02056265067546926,0.4990942028985507,0.48166306917463253,0.5312093496322632,0.5106382978723404,0.20689655172413793,0.5051813721656799,0.5040602684020996
39,0.6891331672668457,0.7051115040464571,0.7051115042814439,0.7125949893502437,0.6973026502966092,0.25594404914142926,0.46808510638297873,0.47644927536231885,0.47619047619047616,0.8695652173913043,0.6153846153846154,-0.07636496582544282,0.0451595960779393,0.40851449275362317,0.45541108129693575,0.4073334038257599,0.48936170212765956,0.6571428571428571,0.509082555770874,0.4986743628978729,0.6938352080716464,0.6938352134380167,0.710071526159037,0.676892974076952,0.2504077099012922,0.48936170212765956,0.49818840579710144,0.4883720930232558,0.9130434782608695,0.6363636363636364,-0.006490770196350104,0.0392983872839745,0.48369565217391297,0.5030407771538937,0.6513548493385315,0.5319148936170213,0.08333333333333333,0.5077720284461975,0.5092839598655701
40,0.6944234371185303,0.7014125211441287,0.7014125288136154,0.707711342951292,0.6948398531916917,0.2540912354428944,0.48936170212765956,0.4963768115942029,0.48717948717948717,0.8260869565217391,0.6129032258064516,-0.009638582199437338,0.0271979957184893,0.4719202898550725,0.470123432587737,0.4073334038257599,0.48936170212765956,0.6571428571428571,0.5064716339111328,0.5000312328338623,0.6996517339856188,0.6996517423982479,0.7187767342192452,0.6796952291937292,0.25330543447168585,0.46808510638297873,0.47644927536231885,0.47619047619047616,0.8695652173913043,0.6153846153846154,-0.07636496582544282,0.06454371328049519,0.4311594202898551,0.48400150574063616,0.6513548493385315,0.5319148936170213,0.08333333333333333,0.5116631388664246,0.5079270005226135
41,0.6937355995178223,0.6966363626028068,0.6966363599795008,0.7012036560740823,0.6918704857938507,0.2517457621108021,0.40425531914893614,0.41304347826086957,0.4418604651162791,0.8260869565217391,0.5757575757575758,-0.31155696942480493,0.10502568014124607,0.453804347826087,0.5084742795836801,0.562176525592804,0.5531914893617021,0.16,0.5039011836051941,0.5013464093208313,0.6871021748985569,0.6871021789550988,0.6854806290512591,0.6887942310286711,0.2470460604410922,0.46808510638297873,0.4746376811594203,0.47368421052631576,0.782608695652174,0.5901639344262295,-0.06444295394437921,0.08579609115073021,0.5262681159420289,0.5335558098143911,0.5312093496322632,0.5531914893617021,0.3225806451612903,0.4948975145816803,0.5039881467819214
42,0.697178304195404,0.6939305287725691,0.6939305339462272,0.6797930527397084,0.7086826882486813,0.2503986036690994,0.48936170212765956,0.4945652173913043,0.4857142857142857,0.7391304347826086,0.5862068965517241,-0.01246111965698067,0.02850025321574921,0.49909420289855067,0.4890925617330707,0.43782350420951843,0.5106382978723404,0.6666666666666666,0.49223771691322327,0.49322593212127686,0.7002028679741578,0.7002028749363791,0.6837051886827462,0.7174178518966919,0.25346084080422415,0.44680851063829785,0.4519927536231884,0.45714285714285713,0.6956521739130435,0.5517241379310345,-0.11007322363666258,0.06772893794039461,0.4673913043478261,0.47481099455318176,0.5312093496322632,0.5319148936170213,0.15384615384615385,0.4947984218597412,0.48924797773361206
43,0.6943442225456238,0.6981721890764448,0.6981721942526696,0.7048606824861677,0.6911929021829323,0.25248463357028716,0.46808510638297873,0.47644927536231885,0.47619047619047616,0.8695652173913043,0.6153846153846154,-0.07636496582544282,0.04184453728351187,0.4782608695652174,0.47376767543280024,0.5312093496322632,0.5106382978723404,0.20689655172413793,0.5051514506340027,0.5013464093208313,0.6941232263386594,0.6941232237521981,0.6992326842269773,0.6887916128219943,0.25051409286015325,0.46808510638297873,0.47554347826086957,0.475,0.8260869565217391,0.6031746031746031,-0.06867761576257797,0.07036864630719449,0.47826086956521735,0.5069046150683523,0.562176525592804,0.5319148936170213,0.21428571428571427,0.5013105273246765,0.5039674043655396
44,0.6956904530525208,0.7088975734797944,0.7088975778846275,0.7287120697718731,0.6882215863501102,0.2575857785358187,0.44680851063829785,0.45652173913043476,0.4666666666666667,0.9130434782608695,0.6176470588235294,-0.2153527608232662,0.06492159594880773,0.4601449275362319,0.4744372494603762,0.5312093496322632,0.5106382978723404,0.25806451612903225,0.515169084072113,0.5027137994766235,0.7004069236470284,0.7004069281639903,0.7405876003449348,0.6584792702360485,0.25338359628164686,0.5106382978723404,0.519927536231884,0.5,0.9565217391304348,0.6567164179104478,0.0815016078203043,0.030219473103259467,0.5289855072463768,0.4912877440166987,0.5312093496322632,0.5319148936170213,0.3888888888888889,0.5203103423118591,0.5188202261924744
45,0.6964390277862549,0.7034041509261311,0.7034041548008987,0.7103856036642182,0.6961191646826521,0.25505594771592655,0.44680851063829785,0.45652173913043476,0.4666666666666667,0.9130434782608695,0.6176470588235294,-0.2153527608232662,0.0591120035090345,0.4384057971014492,0.46284304656182546,0.46879062056541443,0.48936170212765956,0.6571428571428571,0.5076931715011597,0.49864304065704346,0.6964179406281127,0.6964179429360935,0.7055025829335779,0.6869383185908924,0.2515966422021335,0.5106382978723404,0.5190217391304348,0.5,0.9130434782608695,0.6461538461538462,0.061679395474396125,0.02461113130792658,0.49909420289855067,0.5130850393489657,0.5926666259765625,0.5319148936170213,0.15384615384615385,0.5050923824310303,0.5039977431297302
46,0.6961912512779236,0.6997051680238027,0.6997051704351837,0.7132337498174143,0.6855883919493782,0.25321343890360337,0.48936170212765956,0.4990942028985507,0.4888888888888889,0.9565217391304348,0.6470588235294118,-0.004486515850484713,0.019873832134490316,0.47916666666666663,0.4769011644127278,0.46879062056541443,0.48936170212765956,0.6571428571428571,0.5089935660362244,0.5040602684020996,0.7024478001411313,0.7024478052374925,0.7164065789325996,0.6878821283382507,0.2545726379494895,0.5531914893617021,0.5625,0.5227272727272727,1.0,0.6865671641791045,0.2556186790727726,0.0691155214258965,0.47010869565217395,0.4990118577075099,0.5,0.5531914893617021,0.6865671641791045,0.510283887386322,0.5027138590812683
47,0.701358437538147,0.7034041509261308,0.7034041506473918,0.7077007374944838,0.6989207556765133,0.2550559456755842,0.48936170212765956,0.4990942028985507,0.4888888888888889,0.9565217391304348,0.6470588235294118,-0.004486515850484713,0.016558847528822876,0.4384057971014493,0.4889094459862267,0.43782350420951843,0.48936170212765956,0.6571428571428571,0.5064029097557068,0.49729666113853455,0.6895629652183042,0.6895629719557885,0.700941097475091,0.6776901453269514,0.24814044521867015,0.574468085106383,0.5833333333333334,0.5348837209302325,1.0,0.696969696969697,0.29857542903210477,0.08908969417531439,0.6068840579710144,0.5433097404785978,0.5,0.574468085106383,0.696969696969697,0.5024717450141907,0.5081204771995544
48,0.6891574263572693,0.699290525722691,0.6992905266424864,0.7077007374944838,0.690514654449098,0.2530074835097779,0.5106382978723404,0.5208333333333334,0.5,1.0,0.6666666666666666,0.14433756729740643,0.03186432795321688,0.47826086956521735,0.4891304347826087,0.5,0.5106382978723404,0.6666666666666666,0.5064029097557068,0.5013569593429565,0.7001198103249143,0.7001198177153182,0.7192540994174843,0.6801536107217537,0.2534090877666184,0.5531914893617021,0.5625,0.5227272727272727,1.0,0.6865671641791045,0.2556186790727726,0.06646979679452612,0.5036231884057971,0.4926877470355731,0.5,0.5531914893617021,0.6865671641791045,0.5115740895271301,0.5067741274833679
49,0.6917346119880676,0.6865756125630382,0.6865756157939252,0.6895603619461413,0.6834610980698738,0.24672635216088765,0.5531914893617021,0.5615942028985508,0.5238095238095238,0.9565217391304348,0.676923076923077,0.19972375677423507,0.042623449830298726,0.5606884057971013,0.5284334023464459,0.5,0.5531914893617021,0.676923076923077,0.497379332780838,0.5053753852844238,0.6963871896550758,0.6963871918022825,0.6939591930894781,0.6989207556765133,0.25161111294717114,0.5106382978723404,0.519927536231884,0.5,0.9565217391304348,0.6567164179104478,0.0815016078203043,0.009315444433942752,0.4791666666666667,0.49953746530989823,0.5,0.5106382978723404,0.6567164179104478,0.5,0.49729666113853455
50,0.6912629008293152,0.6852873541536175,0.6852873583354254,0.6870375244232462,0.6834610980698738,0.24608304705240158,0.574468085106383,0.582427536231884,0.5365853658536586,0.9565217391304348,0.6875,0.24694731008896287,0.06323593030584619,0.5797101449275363,0.5395428302109109,0.5,0.574468085106383,0.6875,0.4960789680480957,0.5053753852844238,0.695098931245655,0.6950989343437827,0.6914363555665827,0.6989207556765133,0.2509678078386851,0.5319148936170213,0.5407608695652174,0.5116279069767442,0.9565217391304348,0.6666666666666666,0.14604232941787731,0.025954052488854594,0.4990942028985507,0.5106598111137406,0.5,0.5319148936170213,0.6666666666666666,0.4986996352672577,0.49729666113853455
51,0.6902925968170166,0.6938106728362343,0.6938106760777185,0.701853021998061,0.6854186629434483,0.2503245032640092,0.5319148936170213,0.5416666666666666,0.5111111111111111,1.0,0.6764705882352942,0.2063797291222968,0.0252901277643569,0.5181159420289856,0.4985507246376812,0.5,0.5319148936170213,0.6764705882352942,0.5038809776306152,0.5040602684020996,0.6985865084050034,0.6985865123111664,0.7130817009590721,0.6834610980698738,0.25271539938277937,0.5319148936170213,0.5407608695652174,0.5116279069767442,0.9565217391304348,0.6666666666666666,0.14604232941787731,0.01934460756626535,0.46648550724637683,0.5241414423911251,0.5,0.5319148936170213,0.6666666666666666,0.5090623497962952,0.5053753852844238
52,0.690240740776062,0.7010893173934506,0.7010893197528056,0.764143438687127,0.6352937173865576,0.25383601722997323,0.48936170212765956,0.4990942028985507,0.4888888888888889,0.9565217391304348,0.6470588235294118,-0.004486515850484713,0.04488402985511942,0.5099637681159421,0.492291088498304,0.5312093496322632,0.5319148936170213,0.5416666666666666,0.5321536660194397,0.5310009717941284,0.7086265859942066,0.7086265911034139,0.7883637584674167,0.6254225903757591,0.257506610558514,0.5319148936170213,0.5416666666666666,0.5111111111111111,1.0,0.6764705882352942,0.2063797291222968,0.05440537853443876,0.4673913043478261,0.4805132521458569,0.5,0.5319148936170213,0.6764705882352942,0.5423387885093689,0.5363175272941589
53,0.6984403133392334,0.7106048262097513,0.7106048341095004,0.7712873717195791,0.6472839252989833,0.2584547533601372,0.5319148936170213,0.5407608695652174,0.5116279069767442,0.9565217391304348,0.6666666666666666,0.14604232941787731,0.05122034473622099,0.4673913043478261,0.4857749667142348,0.5,0.5319148936170213,0.6666666666666666,0.5346153378486633,0.5243404507637024,0.7015685216047417,0.7015685264489391,0.7896518761596324,0.6096554658812593,0.25406653353913666,0.5319148936170213,0.5416666666666666,0.5111111111111111,1.0,0.6764705882352942,0.2063797291222968,0.06024936792698311,0.5090579710144928,0.5047153959252257,0.5,0.5319148936170213,0.6764705882352942,0.5422894954681396,0.54549241065979
54,0.7116472125053406,0.7772538363560231,0.7772538378529901,0.3568688193991463,1.2159164658048274,0.2882835244035079,0.5106382978723404,0.5,0.0,0.0,0.0,0.0,0.19110392002349205,0.47554347826086957,0.48550724637681164,0.29421496391296387,0.5106382978723404,0.6666666666666666,0.2999149262905121,0.2965286374092102,0.7685955520610481,0.7685955528975916,0.3505929087166555,1.2047722250863944,0.2845776730633845,0.5106382978723404,0.5,0.0,0.0,0.0,0.0,0.19161330448820235,0.5751811594202898,0.5280914737436476,0.29421496391296387,0.5531914893617021,0.6865671641791045,0.2955408990383148,0.3000519573688507
55,0.7099928855895996,0.6975099787111159,0.6975099785810226,0.7067366683970127,0.6878821283382507,0.25217280666132347,0.48936170212765956,0.5,0.48936170212765956,1.0,0.6571428571428571,0.0,0.015281379222869873,0.45833333333333337,0.47579401788467474,0.5,0.48936170212765956,0.6571428571428571,0.5064918398857117,0.5027138590812683,0.6911501394297421,0.6911501383907775,0.6986808185511869,0.6832920373538288,0.24902017007695926,0.48936170212765956,0.4990942028985507,0.4888888888888889,0.9565217391304348,0.6470588235294118,-0.004486515850484713,0.017258126050867933,0.5045289855072463,0.5120978517833281,0.5926666259765625,0.5319148936170213,0.08333333333333333,0.5026007890701294,0.5053858757019043
56,0.6925724148750305,0.6948504042430307,0.6948503999487313,0.7038891479121278,0.6854186629434483,0.25085505449278983,0.48936170212765956,0.5,0.48936170212765956,1.0,0.6571428571428571,0.0,0.015281379222869873,0.463768115942029,0.5047795251310515,0.562176525592804,0.5319148936170213,0.08333333333333333,0.5052015781402588,0.5040602684020996,0.6891499278007059,0.6891499309062011,0.6937971721522352,0.6843006356929482,0.24804385053544348,0.48936170212765956,0.49728260869565216,0.4878048780487805,0.8695652173913043,0.625,-0.008141120112822952,0.03726743637247289,0.519927536231884,0.5229319434729963,0.5312093496322632,0.5319148936170213,0.21428571428571427,0.49998989701271057,0.5053138136863708
57,0.6950981020927429,0.6947676695663402,0.6947676708141892,0.6909496516673506,0.6987516907934994,0.2508090958279349,0.5106382978723404,0.5190217391304348,0.5,0.9130434782608695,0.6461538461538462,0.061679395474396125,0.008646228211991331,0.4809782608695652,0.49907493061979646,0.5,0.5106382978723404,0.6461538461538462,0.4986995756626129,0.4972861409187317,0.6889892238504194,0.688989225897099,0.6837051809731499,0.694503011904698,0.24793640339944664,0.48936170212765956,0.4963768115942029,0.48717948717948717,0.8260869565217391,0.6129032258064516,-0.009638582199437338,0.022565044621203807,0.5235507246376812,0.5384449346521502,0.562176525592804,0.5531914893617021,0.16,0.4948185980319977,0.49998947978019714
58,0.6878789067268372,0.6896143129561041,0.6896143175531736,0.6833805057207569,0.696119164682652,0.24824038805393353,0.5319148936170213,0.5398550724637681,0.5121951219512195,0.9130434782608695,0.65625,0.11940309498806996,0.025943756103515625,0.5407608695652174,0.5106044538706257,0.5,0.5319148936170213,0.65625,0.49480852484703064,0.49864310026168823,0.6943898255523198,0.6943898284048736,0.6811817100723468,0.708172212751858,0.25061549653816423,0.44680851063829785,0.453804347826087,0.46153846153846156,0.782608695652174,0.5806451612903226,-0.12289192304282605,0.0637749211585268,0.4655797101449276,0.4948707467908037,0.46879062056541443,0.5319148936170213,0.6666666666666666,0.4935283660888672,0.4932466447353363
59,0.6951792240142822,0.6902774822598402,0.6902774845871893,0.6966446849275236,0.6836334494494491,0.24856940173877393,0.48936170212765956,0.49818840579710144,0.4883720930232558,0.9130434782608695,0.6363636363636364,-0.006490770196350104,0.02190106853525689,0.5416666666666666,0.5217624962053032,0.5312093496322632,0.5531914893617021,0.3225806451612903,0.5013003945350647,0.5054172277450562,0.6920580292714154,0.6920580310031722,0.6862280184960453,0.6981415223149569,0.24949496719076159,0.46808510638297873,0.47554347826086957,0.475,0.8260869565217391,0.6031746031746031,-0.06867761576257797,0.05986174814244533,0.48278985507246375,0.50132467783921,0.622459352016449,0.5319148936170213,0.08333333333333333,0.49611902236938477,0.49856072664260864
60,0.6914070248603821,0.6794733920615654,0.6794733993692829,0.6862280262056416,0.6724250931052568,0.2431800711593686,0.574468085106383,0.5833333333333334,0.5348837209302325,1.0,0.696969696969697,0.29857542903210477,0.06452829913890108,0.667572463768116,0.6023881746834223,0.5312093496322632,0.6170212765957447,0.4,0.4960988461971283,0.5108343362808228,0.6905209208868169,0.6905209216985747,0.6885888350816979,0.6925370120814027,0.2487228065115847,0.5106382978723404,0.5190217391304348,0.5,0.9130434782608695,0.6461538461538462,0.061679395474396125,0.026004696780062737,0.5172101449275363,0.5208140610545791,0.622459352016449,0.5319148936170213,0.08333333333333333,0.4974093437194824,0.501274585723877
61,0.6915306448936462,0.6805505677005594,0.6805505741443364,0.6712536476738237,0.6902517148092197,0.24373425190315504,0.5957446808510638,0.5996376811594203,0.5625,0.782608695652174,0.6545454545454545,0.21369901855507192,0.07521114641047538,0.6132246376811593,0.6089712905793516,0.5,0.5957446808510638,0.6545454545454545,0.48831668496131897,0.5026720762252808,0.6828366500089427,0.6828366570360369,0.6572395560114089,0.7095466754965183,0.24469224414285148,0.5957446808510638,0.598731884057971,0.5666666666666667,0.7391304347826086,0.6415094339622641,0.2054337865019882,0.08030606837982827,0.634963768115942,0.6398756295611059,0.5312093496322632,0.6170212765957447,0.4375,0.4806433916091919,0.49492350220680237
62,0.689470112323761,0.6796728221550098,0.679672832812378,0.6819943636893838,0.6772503658102853,0.2433241398447283,0.5319148936170213,0.536231884057971,0.5151515151515151,0.7391304347826086,0.6071428571428571,0.07920807608695958,0.027965808168370673,0.6023550724637681,0.5790513833992095,0.5312093496322632,0.5957446808510638,0.42424242424242425,0.4934980571269989,0.5093635320663452,0.6837854884200426,0.6837854958309214,0.6737764851967188,0.6942296808405243,0.2452951299969145,0.5531914893617021,0.5570652173913043,0.53125,0.7391304347826086,0.6181818181818182,0.1223912560815412,0.056534898407915805,0.6068840579710144,0.6101569975559087,0.5312093496322632,0.5957446808510638,0.42424242424242425,0.48961707949638367,0.5014079809188843
63,0.6995751857757568,0.6913850858993176,0.6913850936101817,0.7375720448149217,0.6431900140921922,0.24915329715099183,0.46808510638297873,0.47735507246376807,0.4772727272727273,0.9130434782608695,0.6268656716417911,-0.09261546343216398,0.07572160883152738,0.5452898550724637,0.5533797939983839,0.5312093496322632,0.574468085106383,0.5652173913043478,0.5207157135009766,0.5269304513931274,0.6935602071117009,0.6935602105823774,0.7375720448149217,0.6476348183397224,0.2503278385214042,0.44680851063829785,0.4556159420289855,0.46511627906976744,0.8695652173913043,0.6060606060606061,-0.15902386981057753,0.09512226378664058,0.4945652173913044,0.5269238216122023,0.5926666259765625,0.5531914893617021,0.2222222222222222,0.5207157135009766,0.5253153443336487
64,0.6957376003265381,0.6960917673244453,0.6960917718463833,0.7212951764961918,0.6697925669944095,0.25142695411014554,0.5106382978723404,0.5208333333333334,0.5,1.0,0.6666666666666666,0.14433756729740643,0.023198502494933756,0.5298913043478262,0.4996655518394649,0.5312093496322632,0.5319148936170213,0.3888888888888889,0.512913703918457,0.5121912956237793,0.6899776075194156,0.6899776083343693,0.7157646784851895,0.6630693612204703,0.24843728794605022,0.5319148936170213,0.5416666666666666,0.5111111111111111,1.0,0.6764705882352942,0.2063797291222968,0.03988766162953478,0.5416666666666667,0.5392684610075914,0.5,0.5319148936170213,0.6764705882352942,0.5103428959846497,0.5161481499671936
65,0.737696647644043,0.6965881853638404,0.6965881870715853,0.7291889976951785,0.6625699498991403,0.25169228659537607,0.46808510638297873,0.4782608695652174,0.4782608695652174,0.9565217391304348,0.6376811594202898,-0.1506131137016415,0.04976682269826848,0.5090579710144928,0.487676388175831,0.5312093496322632,0.5319148936170213,0.45,0.5168148875236511,0.5162202715873718,0.6906895607390314,0.6906895562256211,0.7124298207231652,0.6680040628368797,0.24878060894946957,0.46808510638297873,0.4782608695652174,0.4782608695652174,0.9565217391304348,0.6376811594202898,-0.1506131137016415,0.04447506399864846,0.5190217391304348,0.5274975959165317,0.562176525592804,0.574468085106383,0.2857142857142857,0.5090627074241638,0.513495922088623
66,0.6951894164085388,0.6969666653437143,0.6969666707687614,0.7130791866471439,0.6801536107217537,0.2518769809326812,0.5319148936170213,0.5416666666666666,0.5111111111111111,1.0,0.6764705882352942,0.2063797291222968,0.02132633645483788,0.5099637681159419,0.49106280193236707,0.5,0.5319148936170213,0.6764705882352942,0.509042501449585,0.5067741274833679,0.6892355100036766,0.6892355142447741,0.7075461743242135,0.6701287385097074,0.2480395916888073,0.5319148936170213,0.5416666666666666,0.5111111111111111,1.0,0.6764705882352942,0.2063797291222968,0.020013594881017158,0.5742753623188406,0.5256038647342994,0.5312093496322632,0.5531914893617021,0.36363636363636365,0.5064517855644226,0.5121600031852722
67,0.6940953135490417,0.6920250374490116,0.6920250381467052,0.6934724891902458,0.690514654449098,0.24943959021165918,0.5319148936170213,0.5416666666666666,0.5111111111111111,1.0,0.6764705882352942,0.2063797291222968,0.028594780475535292,0.519927536231884,0.5033816425120773,0.5,0.5319148936170213,0.6764705882352942,0.5,0.5013569593429565,0.689780105282038,0.6897801081471608,0.6990055015131763,0.6801536107217537,0.2483174878374889,0.5319148936170213,0.5416666666666666,0.5111111111111111,1.0,0.6764705882352942,0.2063797291222968,0.024620888081002743,0.5579710144927537,0.518495514147688,0.5,0.5319148936170213,0.6764705882352942,0.5025907158851624,0.5067741274833679
68,0.6926642060279846,0.6907367790395907,0.6907367820408179,0.6907869973522004,0.6906843834550277,0.2487962857372651,0.5106382978723404,0.519927536231884,0.5,0.9565217391304348,0.6567164179104478,0.0815016078203043,0.010638272508661797,0.5398550724637682,0.5140302189330866,0.5312093496322632,0.5319148936170213,0.15384615384615385,0.4986995756626129,0.5013569593429565,0.6963871896550758,0.696387190994718,0.7043758595209564,0.6880511890542956,0.25161111318372487,0.5106382978723404,0.5208333333333334,0.5,1.0,0.6666666666666666,0.14433756729740643,0.014607000224133755,0.4800724637681159,0.4927536231884058,0.5,0.5106382978723404,0.6666666666666666,0.5051813721656799,0.5027033090591431
69,0.6884624361991882,0.6921908297749456,0.692190835054376,0.6911116803141897,0.6933169095658751,0.2495166912440697,0.5319148936170213,0.5407608695652174,0.5116279069767442,0.9565217391304348,0.6666666666666666,0.14604232941787731,0.02727180212102038,0.5389492753623188,0.5101542499408386,0.5,0.5319148936170213,0.6666666666666666,0.4986895024776459,0.4999999701976776,0.6981718661038917,0.6981718707046312,0.7129165323319936,0.682786136832601,0.2524788382324665,0.5106382978723404,0.5208333333333334,0.5,1.0,0.6666666666666666,0.14433756729740643,0.017906743795313734,0.4945652173913043,0.4829192546583851,0.5,0.5106382978723404,0.6666666666666666,0.509042501449585,0.5054172277450562
70,0.6952699422836304,0.6939764651621684,0.6939764638961631,0.6933098348750956,0.6946720767877119,0.25041190801472923,0.44680851063829785,0.4556159420289855,0.46511627906976744,0.8695652173913043,0.6060606060606061,-0.15902386981057753,0.06113919362108758,0.5,0.5261898615264362,0.5312093496322632,0.5531914893617021,0.2222222222222222,0.5,0.5,0.6900289552572155,0.6900289550321873,0.7018536476663723,0.6776901453269514,0.24844634160439105,0.5531914893617021,0.5625,0.5227272727272727,1.0,0.6865671641791045,0.2556186790727726,0.0432464727695952,0.5398550724637681,0.5284365393061046,0.5,0.5531914893617021,0.6865671641791045,0.5038910508155823,0.5081204771995544
71,0.6972951292991638,0.6871205308139529,0.687120535828553,0.6806950138827114,0.6938254282937796,0.24699973721506674,0.5106382978723404,0.5181159420289855,0.5,0.8695652173913043,0.6349206349206349,0.05087230797227998,0.007318150489888292,0.5570652173913043,0.5434782608695652,0.5312093496322632,0.5531914893617021,0.16,0.49350813031196594,0.49998947978019714,0.6895312553068603,0.6895312600305437,0.6857406889285019,0.6934866385718048,0.24819894083974542,0.48936170212765956,0.49818840579710144,0.4883720930232558,0.9130434782608695,0.6363636363636364,-0.006490770196350104,0.015281365272846627,0.5398550724637681,0.5338725985844286,0.5312093496322632,0.5531914893617021,0.16,0.49610891938209534,0.5000000596046448
72,0.6934942007064819,0.6951816659223454,0.6951816669911138,0.6860653641808949,0.7046943307930814,0.2510137666434011,0.48936170212765956,0.49818840579710144,0.4883720930232558,0.9130434782608695,0.6363636363636364,-0.006490770196350104,0.01659395466459558,0.4791666666666667,0.4884581459888561,0.43782350420951843,0.48936170212765956,0.6571428571428571,0.49611902236938477,0.4945933222770691,0.6896970476327945,0.6896970466877156,0.693797164442639,0.6854186629434483,0.24828634642153202,0.5319148936170213,0.5416666666666666,0.5111111111111111,1.0,0.6764705882352942,0.2063797291222968,0.025948959462186123,0.5217391304347826,0.527536231884058,0.5,0.5319148936170213,0.6764705882352942,0.500010073184967,0.5040602684020996
73,0.695713460445404,0.6921905068023924,0.6921905065706183,0.6931471805599453,0.6911922380600164,0.24952120136764455,0.46808510638297873,0.4782608695652174,0.4782608695652174,0.9565217391304348,0.6376811594202898,-0.1506131137016415,0.03522479090284794,0.5217391304347826,0.5241121344970437,0.5312093496322632,0.5531914893617021,0.16,0.5,0.5013568997383118,0.6905706637411037,0.6905706656429457,0.69062434303705,0.690514654449098,0.24871339008028429,0.5106382978723404,0.5208333333333334,0.5,1.0,0.6666666666666666,0.14433756729740643,0.010638312456455638,0.5416666666666666,0.5217391304347826,0.5312093496322632,0.5319148936170213,0.08333333333333333,0.4986995756626129,0.5013569593429565
74,0.6933717727661133,0.6993770668640689,0.6993770684430927,0.6857406889285019,0.7136063340235357,0.25308069355322166,0.46808510638297873,0.47644927536231885,0.47619047619047616,0.8695652173913043,0.6153846153846154,-0.07636496582544282,0.03851926707206888,0.47282608695652173,0.4769431723942442,0.4073334038257599,0.48936170212765956,0.6571428571428571,0.49610891938209534,0.49056434631347656,0.6964689653933592,0.6964689678010738,0.6855786679912592,0.7078327589069676,0.25162957632451427,0.5106382978723404,0.5190217391304348,0.5,0.9130434782608695,0.6461538461538462,0.061679395474396125,0.005351675951734502,0.5135869565217391,0.49859228572577724,0.5,0.5106382978723404,0.6461538461538462,0.4960988461971283,0.493267685174942
75,0.6882266402244568,0.7023644195193346,0.7023644210643608,0.6857406889285019,0.7197109241626487,0.2545356992201353,0.44680851063829785,0.45471014492753625,0.4634146341463415,0.8260869565217391,0.59375,-0.13568533521371587,0.06109377805222856,0.45199275362318836,0.46590772909166744,0.3775406777858734,0.48936170212765956,0.6571428571428571,0.49610891938209534,0.4879120886325836,0.7008276341072893,0.700827636756084,0.6855786679912592,0.7167396041628578,0.2537693349481939,0.46808510638297873,0.47554347826086957,0.475,0.8260869565217391,0.6031746031746031,-0.06867761576257797,0.039163472170525404,0.4701086956521739,0.47504156108809614,0.3775406777858734,0.48936170212765956,0.6571428571428571,0.4960988461971283,0.48925846815109253
76,0.6914778351783752,0.6982549237531351,0.6982549287350776,0.678172176359816,0.7192108442570897,0.2525202841412956,0.48936170212765956,0.49547101449275366,0.4864864864864865,0.782608695652174,0.6,-0.011063679935236808,0.02056281363710444,0.4855072463768116,0.4840379459197559,0.4073334038257599,0.48936170212765956,0.6571428571428571,0.49220776557922363,0.48785051703453064,0.7019539066554635,0.7019539081397212,0.6881015055141546,0.7164085891403127,0.25436279174434295,0.44680851063829785,0.45471014492753625,0.4634146341463415,0.8260869565217391,0.59375,-0.13568533521371587,0.05980101354578708,0.4492753623188406,0.4654481280253929,0.4073334038257599,0.48936170212765956,0.6571428571428571,0.4973992109298706,0.4892074465751648
77,0.6905595660209656,0.6982549237531351,0.6982549287350776,0.678172176359816,0.7192108442570897,0.2525202841412956,0.48936170212765956,0.49547101449275366,0.4864864864864865,0.782608695652174,0.6,-0.011063679935236808,0.02056281363710444,0.4855072463768116,0.4840379459197559,0.4073334038257599,0.48936170212765956,0.6571428571428571,0.49220776557922363,0.48785051703453064,0.7019539066554635,0.7019539081397212,0.6881015055141546,0.7164085891403127,0.25436279174434295,0.44680851063829785,0.45471014492753625,0.4634146341463415,0.8260869565217391,0.59375,-0.13568533521371587,0.05980101354578708,0.4492753623188406,0.4654481280253929,0.4073334038257599,0.48936170212765956,0.6571428571428571,0.4973992109298706,0.4892074465751648
78,0.6917753219604492,0.7087553327462981,0.7087553372379106,0.678172176359816,0.7406682007628791,0.25764905375457176,0.44680851063829785,0.4519927536231884,0.45714285714285713,0.6956521739130435,0.5517241379310345,-0.11007322363666258,0.06766816593231038,0.43750000000000006,0.4596245259520005,0.3775406777858734,0.48936170212765956,0.6571428571428571,0.49220776557922363,0.4785482585430145,0.7004459836285816,0.700445988137318,0.6758113597741633,0.7261516872988709,0.25352786831128865,0.5106382978723404,0.5172101449275363,0.5,0.8260869565217391,0.6229508196721312,0.043729147319400176,0.05177769128312455,0.5072463768115942,0.4965904585701071,0.5,0.5106382978723404,0.6229508196721312,0.490917444229126,0.48529109358787537
79,0.6819082498550415,0.70083304545549,0.7008330514291784,0.6783341972970586,0.7243101166105209,0.25383567450386096,0.3829787234042553,0.38768115942028986,0.4117647058823529,0.6086956521739131,0.49122807017543857,-0.2510388932737853,0.1282891738922038,0.3967391304347826,0.4418275625117848,0.43782350420951843,0.48936170212765956,0.6571428571428571,0.49221786856651306,0.4850948452949524,0.6947226921151479,0.6947227003024411,0.6662060724943099,0.724479181493535,0.2507926800248677,0.44680851063829785,0.45108695652173914,0.45454545454545453,0.6521739130434783,0.5357142857142857,-0.10693090271739543,0.06775891210170502,0.47101449275362317,0.47175519515945047,0.46879062056541443,0.5319148936170213,0.6451612903225806,0.4857461750507355,0.48510539531707764
80,0.6923800706863403,0.6968018319561873,0.696801836306874,0.6783341972970586,0.7160724161432037,0.25181706707460727,0.46808510638297873,0.4746376811594203,0.47368421052631576,0.782608695652174,0.5901639344262295,-0.06444295394437921,0.04118552867402422,0.47282608695652173,0.47594703687989626,0.43782350420951843,0.48936170212765956,0.6571428571428571,0.49221786856651306,0.4891761839389801,0.6976307935858574,0.697630800511077,0.6660440515570673,0.7305908863761309,0.25222318038740243,0.48936170212765956,0.4936594202898551,0.48484848484848486,0.6956521739130435,0.5714285714285714,-0.013861413315217926,0.02652346580586535,0.4809782608695652,0.48492197520874675,0.43782350420951843,0.48936170212765956,0.6571428571428571,0.48573610186576843,0.4824231266975403
81,0.6941508054733276,0.6952650465441421,0.6952650519985971,0.678172176359816,0.7131010961434127,0.25105070280266595,0.48936170212765956,0.49547101449275366,0.4864864864864865,0.782608695652174,0.6,-0.011063679935236808,0.01925521454912551,0.49094202898550726,0.4855347105578373,0.43782350420951843,0.48936170212765956,0.6571428571428571,0.49220776557922363,0.4905225932598114,0.693433151794767,0.6934331568654808,0.6662041905709523,0.7218459912597718,0.25014668846184585,0.5106382978723404,0.5153985507246377,0.5,0.7391304347826086,0.5964912280701754,0.03441662246495444,0.003254949412447341,0.509963768115942,0.49782608695652175,0.43782350420951843,0.5106382978723404,0.6666666666666666,0.48575595021247864,0.48647287487983704
82,0.6959412097930908,0.6981718661038916,0.6981718717288872,0.6976162117919671,0.6987516907934994,0.2524891458344863,0.5106382978723404,0.5190217391304348,0.5,0.9130434782608695,0.6461538461538462,0.061679395474396125,0.00995901607452555,0.4655797101449275,0.5009661835748792,0.46879062056541443,0.5319148936170213,0.6764705882352942,0.5012704730033875,0.4972861409187317,0.6990829264443983,0.6990829381710387,0.7044460586203046,0.6934866385718049,0.2529398207510184,0.574468085106383,0.5815217391304348,0.5384615384615384,0.9130434782608695,0.6774193548387096,0.2168680994873401,0.05793405213254563,0.4945652173913043,0.5109996283909327,0.5,0.574468085106383,0.6774193548387096,0.5038709044456482,0.5
83,0.6931239366531372,0.6935621458336098,0.6935621485872235,0.6857413223064096,0.7017230107932904,0.25020144249732895,0.5319148936170213,0.5398550724637681,0.5121951219512195,0.9130434782608695,0.65625,0.11940309498806996,0.026607798769118937,0.5172101449275361,0.5097269622899342,0.5,0.5319148936170213,0.65625,0.4960988461971283,0.495939701795578,0.6945184966186095,0.6945184955410748,0.6958326723979908,0.6931471805599453,0.25068475261993045,0.48936170212765956,0.5,0.48936170212765956,1.0,0.6571428571428571,0.0,0.011302351951599121,0.4791666666666667,0.48936170212765956,0.5,0.48936170212765956,0.6571428571428571,0.5013003945350647,0.5
84,0.6917628049850464,0.6890706766161496,0.6890706806402964,0.6793057154625686,0.6992602095214038,0.2479899875308187,0.48936170212765956,0.4963768115942029,0.48717948717948717,0.8260869565217391,0.6129032258064516,-0.009638582199437338,0.021221649773577426,0.5081521739130435,0.49391912435390695,0.46879062056541443,0.5531914893617021,0.6865671641791045,0.4922478199005127,0.4972756505012512,0.6891537342653932,0.689153739298847,0.6766208570024306,0.7022315295211948,0.2480211269460124,0.5319148936170213,0.5380434782608696,0.5135135135135135,0.8260869565217391,0.6333333333333333,0.09293491145598919,0.02000345321411782,0.5398550724637681,0.5105757931844889,0.5,0.5319148936170213,0.6333333333333333,0.49093732237815857,0.49592921137809753
85,0.6880267858505249,0.6863065280638438,0.6863065394059126,0.6664240110222267,0.707053525545411,0.24667019809531024,0.5957446808510638,0.5996376811594203,0.5625,0.782608695652174,0.6545454545454545,0.21369901855507192,0.07071472102023187,0.5561594202898551,0.5584541062801932,0.5,0.5957446808510638,0.6545454545454545,0.4845935106277466,0.4945317506790161,0.6940430947520823,0.6940431034362258,0.6782374251128737,0.7105359851649413,0.2505033328016087,0.5106382978723404,0.5135869565217391,0.5,0.6521739130434783,0.5660377358490566,0.02827070456449379,0.0492293175230635,0.48913043478260865,0.5118914901523597,0.622459352016449,0.5319148936170213,0.08333333333333333,0.4909963607788086,0.4931540787220001
86,0.6957927942276001,0.6912067075491513,0.6912067099145603,0.6586731155944603,0.7251548083355344,0.2491415645551028,0.44680851063829785,0.4492753623188406,0.4482758620689655,0.5652173913043478,0.5,-0.1043237612689757,0.10646837442479234,0.45923913043478254,0.49574127664849743,0.4073334038257599,0.5319148936170213,0.6764705882352942,0.48082876205444336,0.48511558771133423,0.7017453877069567,0.701745388542551,0.6925736690168196,0.7113158784824445,0.25429933788793707,0.44680851063829785,0.45108695652173914,0.45454545454545453,0.6521739130434783,0.5357142857142857,-0.10693090271739543,0.07373512996003984,0.41032608695652173,0.48787598463824183,0.562176525592804,0.5319148936170213,0.15384615384615385,0.4987197816371918,0.49185845255851746
87,0.6903709173202515,0.6925211325158535,0.6925211338817056,0.6892356779948149,0.6959494356767223,0.24969912803334984,0.5319148936170213,0.5407608695652174,0.5116279069767442,0.9565217391304348,0.6666666666666666,0.14604232941787731,0.02596420303304145,0.5018115942028986,0.5111223458038423,0.5,0.5319148936170213,0.6666666666666666,0.497429221868515,0.49864310026168823,0.6956784069342937,0.6956784131061836,0.6993301844751656,0.691867869068985,0.25123367578522565,0.5106382978723404,0.5190217391304348,0.5,0.9130434782608695,0.6461538461538462,0.061679395474396125,0.01263538383423014,0.5307971014492754,0.5006626791005184,0.5312093496322632,0.5319148936170213,0.26666666666666666,0.5025805830955505,0.5013881921768188
88,0.6935937404632568,0.6938924485745178,0.6938924502154477,0.6892356779948149,0.6987516907934994,0.2503838809901159,0.5106382978723404,0.5190217391304348,0.5,0.9130434782608695,0.6461538461538462,0.061679395474396125,0.00799750140372743,0.4827898550724637,0.5,0.46879062056541443,0.5106382978723404,0.6666666666666666,0.497429221868515,0.4972861707210541,0.6956787299068469,0.6956787339489974,0.6966453183054312,0.694670124185762,0.25123947044937517,0.5106382978723404,0.5181159420289855,0.5,0.8695652173913043,0.6349206349206349,0.05087230797227998,0.011312453670704619,0.5144927536231885,0.49764710614165625,0.5,0.5106382978723404,0.6349206349206349,0.5012903213500977,0.5000312924385071
89,0.6910898685455322,0.6864098202371045,0.6864098219895199,0.6868748614091622,0.685924563464676,0.2466695519791121,0.5319148936170213,0.5407608695652174,0.5116279069767442,0.9565217391304348,0.6666666666666666,0.14604232941787731,0.022669691988762387,0.5416666666666666,0.5323334456802606,0.46879062056541443,0.5319148936170213,0.6764705882352942,0.49613890051841736,0.5040290355682373,0.6962585185887862,0.6962585250515085,0.7003042179419411,0.6920369324701878,0.25155184868722164,0.5319148936170213,0.5398550724637681,0.5121951219512195,0.9130434782608695,0.65625,0.11940309498806996,0.016698730752823198,0.4945652173913043,0.5194885043207509,0.5,0.5319148936170213,0.65625,0.5025906562805176,0.5013362169265747
90,0.6941435933113098,0.6850397860894002,0.6850397869058539,0.6843520238862668,0.685757452665423,0.24597717533910385,0.5531914893617021,0.5615942028985508,0.5238095238095238,0.9565217391304348,0.676923076923077,0.19972375677423507,0.04327212083846965,0.5615942028985507,0.5356797791580401,0.5,0.5531914893617021,0.676923076923077,0.4948384761810303,0.5040497779846191,0.6986705249926538,0.698670530503575,0.7028270554648364,0.6943332870657372,0.2527434286286581,0.5106382978723404,0.5190217391304348,0.5,0.9130434782608695,0.6461538461538462,0.061679395474396125,0.01263034533947072,0.4755434782608695,0.4773358001850138,0.5,0.5106382978723404,0.6461538461538462,0.5038910508155823,0.5000105500221252
91,0.6927490830421448,0.6896035699700827,0.6896035718564076,0.722755912872862,0.6550098247088034,0.24824126442818764,0.5319148936170213,0.5416666666666666,0.5111111111111111,1.0,0.6764705882352942,0.2063797291222968,0.027172108913989777,0.5344202898550725,0.5072463768115942,0.5,0.5319148936170213,0.6764705882352942,0.5129635334014893,0.5202594995498657,0.7023517586564993,0.702351768593721,0.7417132608143112,0.6612789071461487,0.25458278537707524,0.5106382978723404,0.519927536231884,0.5,0.9565217391304348,0.6567164179104478,0.0815016078203043,0.04644608243982842,0.46376811594202905,0.5057971014492754,0.622459352016449,0.5319148936170213,0.08333333333333333,0.5219460725784302,0.5174425840377808
92,0.6930939555168152,0.6888180201762846,0.6888180258306964,0.6819837580615884,0.6959494356767223,0.24787354870709946,0.5531914893617021,0.5615942028985508,0.5238095238095238,0.9565217391304348,0.676923076923077,0.19972375677423507,0.046606968692008484,0.542572463768116,0.5227743271221532,0.5,0.5531914893617021,0.676923076923077,0.49358704686164856,0.49864310026168823,0.6915647817308538,0.6915647876529959,0.6912743346293398,0.691867869068985,0.2491852122527482,0.5319148936170213,0.5398550724637681,0.5121951219512195,0.9130434782608695,0.65625,0.11940309498806996,0.021321171141685323,0.5688405797101449,0.5293452019505916,0.5312093496322632,0.5531914893617021,0.27586206896551724,0.4986895024776459,0.5013881921768188
93,0.6896041035652161,0.6890706766161496,0.6890706826794515,0.6742600404167779,0.7045252659100675,0.24797967993059347,0.5531914893617021,0.5597826086956521,0.5263157894736842,0.8695652173913043,0.6557377049180327,0.15190124858317955,0.04260811970589008,0.5452898550724637,0.5238944175403119,0.5,0.5531914893617021,0.6557377049180327,0.4896470308303833,0.4945828318595886,0.6917305740567878,0.6917305806238515,0.6889135180436873,0.694670124185762,0.249272619975159,0.5106382978723404,0.5181159420289855,0.5,0.8695652173913043,0.6349206349206349,0.05087230797227998,0.00932553473939287,0.5507246376811594,0.5203104121698017,0.5312093496322632,0.5531914893617021,0.27586206896551724,0.4973992109298706,0.5000312924385071
94,0.6958949565887451,0.6900273503737024,0.6900273530603196,0.6868748614091623,0.6933169095658751,0.24845847798776494,0.5319148936170213,0.5407608695652174,0.5116279069767442,0.9565217391304348,0.6666666666666666,0.14604232941787731,0.02464134769236788,0.5208333333333333,0.5038534996067857,0.46879062056541443,0.5319148936170213,0.6764705882352942,0.49613890051841736,0.5,0.6968021549287408,0.6968021590219965,0.7045385138361066,0.6887294409550989,0.251812556572823,0.48936170212765956,0.49818840579710144,0.4883720930232558,0.9130434782608695,0.6363636363636364,-0.006490770196350104,0.021242193719173998,0.4963768115942029,0.4827513689748504,0.5312093496322632,0.5106382978723404,0.25806451612903225,0.5051813721656799,0.5027138590812683
95,0.6932269334793091,0.6935621458336098,0.6935621499398358,0.6830558304683638,0.7045252659100675,0.25020144283416457,0.5106382978723404,0.5181159420289855,0.5,0.8695652173913043,0.6349206349206349,0.05087230797227998,0.005331215072185435,0.5144927536231884,0.4976471061416563,0.5,0.5106382978723404,0.6349206349206349,0.4947984218597412,0.49458280205726624,0.6937266562485838,0.6937266573656138,0.6860628488796294,0.7017236749162062,0.25030678126546857,0.425531914893617,0.4338768115942029,0.4523809523809524,0.8260869565217391,0.5846153846153846,-0.21440932712528177,0.07975986853558967,0.4583333333333333,0.484472049689441,0.5312093496322632,0.5319148936170213,0.08333333333333333,0.49613890051841736,0.49592921137809753
96,0.6928994655609131,0.6950161965689646,0.6950162003691911,0.6832178514056065,0.7073275210268445,0.2509321556650614,0.46808510638297873,0.47554347826086957,0.475,0.8260869565217391,0.6031746031746031,-0.06867761576257797,0.037880861378730604,0.4764492753623188,0.47743601603453595,0.43782350420951843,0.48936170212765956,0.6571428571428571,0.49480852484703064,0.4932258725166321,0.6914814011090571,0.6914814031773132,0.6761335197252909,0.7074965859098584,0.24917888135573993,0.5106382978723404,0.5181159420289855,0.5,0.8695652173913043,0.6349206349206349,0.05087230797227998,0.002705868254316614,0.5181159420289855,0.4994944388270981,0.43782350420951843,0.5106382978723404,0.6666666666666666,0.4909473955631256,0.4932364225387573
97,0.690281093120575,0.6950161965689646,0.6950162003691909,0.6857406889285018,0.7046949949159973,0.25093215596231777,0.44680851063829785,0.45471014492753625,0.4634146341463415,0.8260869565217391,0.59375,-0.13568533521371587,0.05915745078249181,0.47644927536231885,0.4911952949316728,0.5312093496322632,0.5319148936170213,0.08333333333333333,0.49610891938209534,0.49458280205726624,0.700997555870464,0.7009975559330403,0.6840273409242775,0.7187056063769667,0.2539307035311511,0.40425531914893614,0.41032608695652173,0.43243243243243246,0.6956521739130435,0.5333333333333333,-0.2190608627176888,0.10699729526296575,0.3903985507246377,0.45046866887109555,0.43782350420951843,0.5106382978723404,0.6666666666666666,0.4948486089706421,0.4878087341785431
98,0.6970207095146179,0.6950161965689646,0.6950162003691911,0.6832178514056065,0.7073275210268445,0.2509321556650614,0.46808510638297873,0.47554347826086957,0.475,0.8260869565217391,0.6031746031746031,-0.06867761576257797,0.037880861378730604,0.4764492753623188,0.47743601603453595,0.43782350420951843,0.48936170212765956,0.6571428571428571,0.49480852484703064,0.4932258725166321,0.6901931426996363,0.6901931457188134,0.6761335197252909,0.7048640597990111,0.24853557654451028,0.5106382978723404,0.5181159420289855,0.5,0.8695652173913043,0.6349206349206349,0.05087230797227998,0.0033698893607930934,0.536231884057971,0.5212335692618807,0.5312093496322632,0.5319148936170213,0.08333333333333333,0.4909473955631256,0.4945933222770691
99,0.6943894624710083,0.6900286322846624,0.6900286362538804,0.678172176359816,0.7024005944042088,0.24844054571343147,0.5319148936170213,0.5389492753623188,0.5128205128205128,0.8695652173913043,0.6451612903225806,0.10361475864395138,0.02330317142161917,0.5498188405797101,0.5304167771790343,0.5,0.5319148936170213,0.6451612903225806,0.49220776557922363,0.495939701795578,0.6894481976576168,0.6894482011553014,0.6857406889285019,0.6933169095658751,0.24815749269420903,0.5106382978723404,0.519927536231884,0.5,0.9565217391304348,0.6567164179104478,0.0815016078203043,0.008651354211442013,0.5407608695652174,0.5217391304347826,0.5312093496322632,0.5319148936170213,0.08333333333333333,0.49610891938209534,0.5
100,0.690812885761261,0.6948060727369447,0.6948060810353964,0.671253014295916,0.7193831941548541,0.25081930733505214,0.5106382978723404,0.5144927536231884,0.5,0.6956521739130435,0.5818181818181818,0.03108349360801046,0.006590421529526406,0.5045289855072463,0.4948889916743756,0.5,0.5106382978723404,0.5818181818181818,0.4883267879486084,0.4878297746181488,0.695845481171188,0.6958454870971763,0.6731265013140253,0.719552254870899,0.2513337561191447,0.48936170212765956,0.4936594202898551,0.48484848484848486,0.6956521739130435,0.5714285714285714,-0.013861413315217926,0.024551976234354872,0.4900362318840579,0.5037963886252508,0.562176525592804,0.5319148936170213,0.08333333333333333,0.48960697650909424,0.48781925439834595
101,0.6981231570243835,0.696717815368537,0.6967178169419471,0.6885888350816979,0.7052002327961202,0.2517584315187903,0.5106382978723404,0.5190217391304348,0.5,0.9130434782608695,0.6461538461538462,0.061679395474396125,0.006684860650529253,0.4954710144927536,0.49134590891418306,0.5,0.5106382978723404,0.6461538461538462,0.4974093437194824,0.49462464451789856,0.6925211325158533,0.6925211331585651,0.688264159829305,0.6969631922847498,0.24966852041416573,0.5319148936170213,0.5407608695652174,0.5116279069767442,0.9565217391304348,0.6666666666666666,0.14604232941787731,0.02596425502858263,0.5380434782608696,0.5318933803756212,0.5,0.5319148936170213,0.6666666666666666,0.4973992109298706,0.4986743628978729
102,0.6927950978279114,0.6934790881843662,0.6934790899286728,0.690949018289443,0.6961191646826521,0.2501703033793916,0.46808510638297873,0.47735507246376807,0.4772727272727273,0.9130434782608695,0.6268656716417911,-0.09261546343216398,0.03589396464063766,0.4809782608695652,0.48023715415019763,0.46879062056541443,0.5106382978723404,0.6666666666666666,0.49870967864990234,0.49864304065704346,0.6883257315741301,0.688325732155964,0.6931471805599453,0.6832946555605056,0.24760159393966802,0.44680851063829785,0.45652173913043476,0.4666666666666667,0.9130434782608695,0.6176470588235294,-0.2153527608232662,0.05849338148502593,0.5434782608695652,0.5613937711995066,0.5312093496322632,0.5957446808510638,0.2962962962962963,0.5,0.5054065585136414
103,0.6912431120872498,0.6948507272155838,0.6948507269842069,0.6963206353434419,0.6933169095658751,0.25085054329980017,0.5319148936170213,0.5407608695652174,0.5116279069767442,0.9565217391304348,0.6666666666666666,0.14604232941787731,0.025938606008570245,0.48007246376811596,0.49711077167996903,0.5,0.5319148936170213,0.6666666666666666,0.5013003945350647,0.5000000596046448,0.6980904133381614,0.6980904192813906,0.704863196798096,0.6910231731770025,0.2524558624930467,0.5106382978723404,0.5190217391304348,0.5,0.9130434782608695,0.6461538461538462,0.061679395474396125,0.013937819511332411,0.47916666666666674,0.48095898859081093,0.5,0.5106382978723404,0.6461538461538462,0.5051712989807129,0.5013464093208313
104,0.6935030221939087,0.6921911527474987,0.6921911545445775,0.691112305982501,0.6933169095658751,0.24952248557138362,0.5531914893617021,0.5615942028985508,0.5238095238095238,0.9565217391304348,0.676923076923077,0.19972375677423507,0.047215265479493645,0.519927536231884,0.5104070305272896,0.5,0.5531914893617021,0.676923076923077,0.4986995756626129,0.5000000596046448,0.6965533049535629,0.6965533087452025,0.6993301844751656,0.6936556992878498,0.2516940088802849,0.5106382978723404,0.5190217391304348,0.5,0.9130434782608695,0.6461538461538462,0.061679395474396125,0.011950922773239461,0.4818840579710145,0.4918285538082023,0.5,0.5106382978723404,0.6461538461538462,0.5025805830955505,0.49998950958251953
105,0.6935951113700867,0.6935624688061631,0.6935624695257072,0.6937977978205465,0.6933169095658751,0.2502072381913141,0.5531914893617021,0.5615942028985508,0.5238095238095238,0.9565217391304348,0.676923076923077,0.19972375677423507,0.04655122661844213,0.5,0.5082331174838113,0.5,0.5531914893617021,0.676923076923077,0.5,0.5000000596046448,0.6979246210122273,0.6979246237263321,0.7020156763132114,0.6936556992878498,0.2523787615002154,0.5106382978723404,0.5190217391304348,0.5,0.9130434782608695,0.6461538461538462,0.061679395474396125,0.01261490837056586,0.46376811594202905,0.4918285538082023,0.5,0.5106382978723404,0.6461538461538462,0.5038809776306152,0.49998950958251953
106,0.6925114989280701,0.6949337848648274,0.6949337872120617,0.691112305982501,0.698921419799429,0.2508919914849157,0.5106382978723404,0.5181159420289855,0.5,0.8695652173913043,0.6349206349206349,0.05087230797227998,0.008646222505163639,0.4818840579710144,0.48774283071230345,0.5,0.5106382978723404,0.6349206349206349,0.4986995756626129,0.49728623032569885,0.6979249439847806,0.6979249479609133,0.6991681558283265,0.6966276875775257,0.2523742497927444,0.48936170212765956,0.49728260869565216,0.4878048780487805,0.8695652173913043,0.625,-0.008141120112822952,0.020588424611598887,0.47644927536231885,0.47931655016528907,0.43782350420951843,0.48936170212765956,0.6571428571428571,0.5025907158851624,0.4986535906791687
107,0.6961324214935303,0.6887390919642815,0.6887390942492074,0.6941218474046282,0.683122308347899,0.2478151722841565,0.5531914893617021,0.5625,0.5227272727272727,1.0,0.6865671641791045,0.2556186790727726,0.045253892528249864,0.5398550724637681,0.5381422924901186,0.5,0.5531914893617021,0.6865671641791045,0.5,0.5053859353065491,0.6920250374490116,0.6920250381467052,0.6959953267131412,0.6878821283382507,0.24943959050891557,0.5106382978723404,0.5208333333333334,0.5,1.0,0.6666666666666666,0.14433756729740643,0.012630385921356527,0.5208333333333333,0.5,0.5,0.5106382978723404,0.6666666666666666,0.5013003945350647,0.5027138590812683
108,0.6915400624275208,0.6936452034828535,0.6936452075581356,0.7015283390360717,0.6854193312333332,0.2502428922672137,0.48936170212765956,0.4990942028985507,0.4888888888888889,0.9565217391304348,0.6470588235294118,-0.004486515850484713,0.017273477417357425,0.5190217391304348,0.5032641733844324,0.5312093496322632,0.5319148936170213,0.26666666666666666,0.5038910508155823,0.5040707588195801,0.6943083727865894,0.6943083748088429,0.7048631890884997,0.6832946555605055,0.2505822131961149,0.48936170212765956,0.49818840579710144,0.4883720930232558,0.9130434782608695,0.6363636363636364,-0.006490770196350104,0.022565028768904666,0.4864130434782608,0.48657454218627116,0.46879062056541443,0.5106382978723404,0.6666666666666666,0.5051915049552917,0.5054066777229309
109,0.697035014629364,0.6997092974610432,0.6997093018922933,0.6968048326403421,0.7027400524160683,0.25324648474696293,0.44680851063829785,0.453804347826087,0.46153846153846156,0.782608695652174,0.5806451612903226,-0.12289192304282605,0.06510811346642514,0.47101449275362317,0.4783391446666192,0.5312093496322632,0.5319148936170213,0.21428571428571427,0.5012603402137756,0.4959397614002228,0.6938109958087875,0.6938109947857073,0.6934724891902458,0.6941642180157542,0.2503406044985484,0.44680851063829785,0.45471014492753625,0.4634146341463415,0.8260869565217391,0.59375,-0.13568533521371587,0.06114952678376056,0.46376811594202894,0.5145867647390627,0.562176525592804,0.5531914893617021,0.16,0.5,0.4999789893627167
110,0.6923261880874634,0.7014105932880624,0.7014105957611734,0.7051853577385607,0.6974717136978121,0.2541078797297627,0.46808510638297873,0.47644927536231885,0.47619047619047616,0.8695652173913043,0.6153846153846154,-0.07636496582544282,0.04446991580597898,0.44384057971014496,0.4722068711430413,0.5926666259765625,0.5106382978723404,0.08,0.5051615238189697,0.498622328042984,0.693894053458031,0.6938940557957745,0.7016909933512219,0.685758120955308,0.2503717463709515,0.48936170212765956,0.49818840579710144,0.4883720930232558,0.9130434782608695,0.6363636363636364,-0.006490770196350104,0.019924409846042063,0.5018115942028986,0.4904803906804638,0.5312093496322632,0.5106382978723404,0.25806451612903225,0.5038910508155823,0.5040602684020996
111,0.6993814706802368,0.6716202263921249,0.6716202218655181,0.7385361139123928,0.6017949432079098,0.23936494410040426,0.5319148936170213,0.5416666666666666,0.5111111111111111,1.0,0.6764705882352942,0.2063797291222968,0.06718465241980046,0.6766304347826088,0.6380465183121635,0.562176525592804,0.6595744680851063,0.6190476190476191,0.5206267237663269,0.5496658086776733,0.7075200741462964,0.7075200805362672,0.7971860864913678,0.6139555525831192,0.25709751035000417,0.46808510638297873,0.4782608695652174,0.4782608695652174,0.9565217391304348,0.6376811594202898,-0.1506131137016415,0.07998658177700448,0.47735507246376807,0.4797030149461473,0.5926666259765625,0.5106382978723404,0.30303030303030304,0.5477153658866882,0.5430368185043335
112,0.6927788257598877,0.6877824182067288,0.6877824208049285,0.701853021998061,0.6731000543425294,0.24733637422519036,0.5106382978723404,0.519927536231884,0.5,0.9565217391304348,0.6567164179104478,0.0815016078203043,0.01790154741165486,0.5606884057971016,0.5408418131359852,0.5312093496322632,0.5531914893617021,0.3225806451612903,0.5038809776306152,0.5107925534248352,0.6931002852319389,0.6931002879728857,0.7048606824861677,0.6808285719590264,0.24996950645933189,0.5106382978723404,0.519927536231884,0.5,0.9565217391304348,0.6567164179104478,0.0815016078203043,0.016563349581779317,0.519927536231884,0.4995374653098982,0.5,0.5106382978723404,0.6567164179104478,0.5051513910293579,0.5067322850227356
113,0.6952798366546631,0.6937279381595439,0.6937279393979024,0.6990055015131763,0.6882209180602255,0.2502888504167143,0.5106382978723404,0.519927536231884,0.5,0.9565217391304348,0.6567164179104478,0.0815016078203043,0.01328408971745917,0.5009057971014492,0.49518963922294174,0.5,0.5106382978723404,0.6567164179104478,0.5025906562805176,0.5027033090591431,0.6887403738752417,0.688740374146671,0.6993301767655694,0.6776901453269514,0.2478075488585914,0.5319148936170213,0.5416666666666666,0.5111111111111111,1.0,0.6764705882352942,0.2063797291222968,0.022639113537808682,0.5416666666666667,0.523671497584541,0.5,0.5319148936170213,0.6764705882352942,0.5026007890701294,0.5081204771995544
114,0.6925318837165833,0.6922742103967423,0.6922742120672075,0.6988434728663373,0.6854193312333332,0.24956393397459714,0.5106382978723404,0.519927536231884,0.5,0.9565217391304348,0.6567164179104478,0.0815016078203043,0.013958433841137177,0.5199275362318841,0.49953746530989823,0.5,0.5106382978723404,0.6567164179104478,0.5026007890701294,0.5040707588195801,0.6913172136666365,0.6913172160991461,0.6993301767655694,0.6829558658385307,0.24908964817983018,0.5106382978723404,0.519927536231884,0.5,0.9565217391304348,0.6567164179104478,0.0815016078203043,0.014617332752714766,0.5208333333333335,0.5,0.46879062056541443,0.5106382978723404,0.6666666666666666,0.5026007890701294,0.5054172277450562
115,0.6963663101196289,0.6965523460151559,0.6965523407926664,0.7067372940653239,0.685924563464676,0.2517177327479803,0.48936170212765956,0.4990942028985507,0.4888888888888889,0.9565217391304348,0.6470588235294118,-0.004486515850484713,0.018586218991178148,0.4266304347826087,0.5007451947784973,0.5926666259765625,0.5319148936170213,0.08333333333333333,0.5065019726753235,0.5040290355682373,0.6939767881347215,0.6939767903407658,0.6937971721522352,0.6941642180157542,0.2504177051941232,0.46808510638297873,0.47554347826086957,0.475,0.8260869565217391,0.6031746031746031,-0.06867761576257797,0.04119583900938643,0.48097826086956524,0.4941643539932161,0.562176525592804,0.5319148936170213,0.15384615384615385,0.49998989701271057,0.4999789893627167
116,0.6972827911376953,0.6960103145587149,0.6960103106917066,0.7154431355034396,0.6757325804533767,0.2514448896475168,0.5319148936170213,0.5407608695652174,0.5116279069767442,0.9565217391304348,0.6666666666666666,0.14604232941787731,0.020557669883078715,0.4565217391304348,0.5307111450174505,0.5,0.5319148936170213,0.6666666666666666,0.5103829503059387,0.5094355940818787,0.6926882067527474,0.692688208102637,0.6939591930894781,0.6913619628989772,0.249778912111488,0.46808510638297873,0.47644927536231885,0.47619047619047616,0.8695652173913043,0.6153846153846154,-0.07636496582544282,0.040526689367091404,0.48460144927536236,0.4958592132505175,0.562176525592804,0.5319148936170213,0.15384615384615385,0.5,0.5013359189033508
117,0.6923051476478577,0.6960103145587149,0.6960103106917066,0.7154431355034396,0.6757325804533767,0.2514448896475168,0.5319148936170213,0.5407608695652174,0.5116279069767442,0.9565217391304348,0.6666666666666666,0.14604232941787731,0.020557669883078715,0.4565217391304348,0.5307111450174505,0.5,0.5319148936170213,0.6666666666666666,0.5103829503059387,0.5094355940818787,0.6926882067527474,0.692688208102637,0.6939591930894781,0.6913619628989772,0.249778912111488,0.46808510638297873,0.47644927536231885,0.47619047619047616,0.8695652173913043,0.6153846153846154,-0.07636496582544282,0.040526689367091404,0.48460144927536236,0.4958592132505175,0.562176525592804,0.5319148936170213,0.15384615384615385,0.5,0.5013359189033508
118,0.6907752752304077,0.7033639488572857,0.7033639562738718,0.6924110224112656,0.7147931046522432,0.25506355320817986,0.46808510638297873,0.47282608695652173,0.47058823529411764,0.6956521739130435,0.5614035087719298,-0.06073521611462547,0.05310211980596502,0.45199275362318836,0.46209190015036583,0.4073334038257599,0.48936170212765956,0.6571428571428571,0.4986995756626129,0.4905644357204437,0.6868270263601363,0.6868270341924995,0.6636838683493224,0.710976424637554,0.2468499525076947,0.574468085106383,0.5788043478260869,0.5454545454545454,0.782608695652174,0.6428571428571429,0.17227756548913709,0.058572625860254815,0.5706521739130435,0.5539483643091413,0.5,0.574468085106383,0.6428571428571429,0.48443570733070374,0.4918794631958008
119,0.6907329559326172,0.6953849024804769,0.695384910359561,0.663845889286565,0.7282951932183392,0.25110450554751945,0.46808510638297873,0.47101449275362317,0.4666666666666667,0.6086956521739131,0.5283018867924528,-0.060310836404253415,0.051768972518596246,0.4809782608695653,0.49960047728217305,0.562176525592804,0.5319148936170213,0.08333333333333333,0.4844457805156708,0.4837797284126282,0.6803854113404791,0.6803854236896755,0.6512310682941805,0.71080735975454,0.2436482477610372,0.5957446808510638,0.598731884057971,0.5666666666666667,0.7391304347826086,0.6415094339622641,0.2054337865019882,0.07786225575081845,0.6231884057971014,0.5738798358594843,0.5,0.5957446808510638,0.6415094339622641,0.4779539108276367,0.4918689429759979
120,0.6960001587867737,0.694721733176741,0.6947217386928305,0.6734511765664183,0.716917107868217,0.25076518309096246,0.5106382978723404,0.5153985507246377,0.5,0.7391304347826086,0.5964912280701754,0.03441662246495444,0.003924132661616549,0.5063405797101449,0.516280646514327,0.562176525592804,0.5319148936170213,0.08333333333333333,0.48961707949638367,0.48919689655303955,0.6827134011566963,0.6827134115402064,0.6584755389883813,0.7080051046377629,0.24480149038146762,0.5957446808510638,0.5996376811594203,0.5625,0.782608695652174,0.6545454545454545,0.21369901855507192,0.08050807739825959,0.6123188405797101,0.568600381309086,0.5,0.5957446808510638,0.6545454545454545,0.48183491826057434,0.4932258427143097
121,0.692763090133667,0.6966363626028068,0.6966363675247749,0.6961573553599804,0.6971362063054299,0.25173545688775484,0.40425531914893614,0.4121376811594203,0.43902439024390244,0.782608695652174,0.5625,-0.26322955031460876,0.10502563385253258,0.4755434782608696,0.4977715932088332,0.5312093496322632,0.574468085106383,0.2857142857142857,0.5012902617454529,0.4986431300640106,0.6925224144268136,0.6925224159393459,0.6859033432436522,0.6994292744044178,0.24969150415252345,0.48936170212765956,0.49728260869565216,0.4878048780487805,0.8695652173913043,0.625,-0.008141120112822952,0.017927121608815294,0.4990942028985507,0.5102361809927073,0.562176525592804,0.5319148936170213,0.08333333333333333,0.49610891938209534,0.4972861707210541
122,0.6845744848251343,0.6970003031112245,0.697000313375826,0.7269933574462005,0.6657032239110873,0.251923336514266,0.5106382978723404,0.5190217391304348,0.5,0.9130434782608695,0.6461538461538462,0.061679395474396125,0.04187967929434269,0.49818840579710144,0.5114972908682437,0.622459352016449,0.5319148936170213,0.08333333333333333,0.5155242085456848,0.5148122906684875,0.6957856768463964,0.6957856859020939,0.7186121989700743,0.6719667157442011,0.2513525345366146,0.48936170212765956,0.49818840579710144,0.4883720930232558,0.9130434782608695,0.6363636363636364,-0.006490770196350104,0.043920988732195916,0.5099637681159421,0.5143683869417167,0.5312093496322632,0.5319148936170213,0.3888888888888889,0.5116331577301025,0.5120083689689636
123,0.6881257891654968,0.7020643114959897,0.7020643286934198,0.7357662589927624,0.6668970970767149,0.2543791282886919,0.5319148936170213,0.536231884057971,0.5151515151515151,0.7391304347826086,0.6071428571428571,0.07920807608695958,0.027105837426287062,0.48188405797101447,0.4665093337281112,0.46879062056541443,0.5319148936170213,0.6666666666666666,0.5180250406265259,0.5148423910140991,0.6994798587752201,0.6994798720316276,0.729418797287587,0.6682392543732355,0.253102493283146,0.5319148936170213,0.5371376811594203,0.5142857142857142,0.782608695652174,0.6206896551724138,0.08515098432270124,0.025763521803186293,0.5054347826086957,0.4905538630766367,0.5,0.5319148936170213,0.6206896551724138,0.5154352188110352,0.5148018002510071
124,0.6932992935180664,0.6973825895557862,0.6973825950491617,0.6784968516122089,0.7170894577659815,0.2521059170559987,0.425531914893617,0.4302536231884058,0.4411764705882353,0.6521739130434783,0.5263157894736842,-0.15588705469420538,0.09036871664067533,0.4655797101449276,0.5045749127023839,0.5312093496322632,0.5531914893617021,0.2222222222222222,0.49221786856651306,0.4891761243343353,0.6867426867999326,0.6867426933806386,0.6685668890799626,0.7057087500422136,0.24682643598246135,0.5106382978723404,0.5163043478260869,0.5,0.782608695652174,0.6101694915254238,0.038499525175450904,0.002590923867327102,0.5398550724637681,0.522404729135173,0.46879062056541443,0.5319148936170213,0.65625,0.48703646659851074,0.49455153942108154
125,0.6950510740280151,0.6867420508340787,0.6867420537863601,0.6736113155803031,0.7004436936535499,0.24683534117269992,0.5106382978723404,0.5153985507246377,0.5,0.7391304347826086,0.5964912280701754,0.03441662246495444,0.003997984718769155,0.5326086956521738,0.5410628019323671,0.562176525592804,0.5531914893617021,0.16,0.48963692784309387,0.49724432826042175,0.6999568655252606,0.6999568688924698,0.6833805057207569,0.7172539435064308,0.25339327033354697,0.40425531914893614,0.40942028985507245,0.42857142857142855,0.6521739130434783,0.5172413793103449,-0.2076853276163445,0.10897405540689509,0.4139492753623188,0.4709243015360539,0.5926666259765625,0.5319148936170213,0.08333333333333333,0.49480852484703064,0.489155113697052
126,0.6908109784126282,0.682002054613994,0.6820020546194574,0.6762968074183489,0.6879553560467013,0.24449051660827523,0.5106382978723404,0.5153985507246377,0.5,0.7391304347826086,0.5964912280701754,0.03441662246495444,0.00795654223320332,0.5534420289855072,0.5845410628019323,0.562176525592804,0.5957446808510638,0.2962962962962963,0.49093732237815857,0.5039766430854797,0.7002057155004383,0.7002057183616992,0.6939598264673856,0.7067231707731567,0.253511817668126,0.425531914893617,0.43115942028985504,0.4444444444444444,0.6956521739130435,0.5423728813559322,-0.1625535507407927,0.09034839272499084,0.4384057971014493,0.488930449976985,0.562176525592804,0.5319148936170213,0.15384615384615385,0.49998989701271057,0.49457231163978577
127,0.6920095086097717,0.6944285516954773,0.6944285623926998,0.69574588017329,0.6930539699259967,0.2506414961529283,0.5319148936170213,0.536231884057971,0.5151515151515151,0.7391304347826086,0.6071428571428571,0.07920807608695958,0.011271528741146654,0.5144927536231884,0.5165332054087083,0.5,0.5319148936170213,0.6071428571428571,0.49997982382774353,0.501315176486969,0.7015379715775493,0.7015379731955774,0.6809253355874145,0.7230468124388779,0.2543151215460341,0.40425531914893614,0.4067028985507246,0.41379310344827586,0.5217391304347826,0.46153846153846156,-0.19188120376258033,0.13767042819489825,0.3985507246376811,0.4683865540545624,0.43782350420951843,0.5319148936170213,0.6666666666666666,0.4922976493835449,0.48750990629196167
128,0.6961609125137329,0.7057601238994843,0.705760131755446,0.6656294199816076,0.747635657084669,0.2562057730318536,0.46808510638297873,0.4692028985507246,0.46153846153846156,0.5217391304347826,0.4897959183673469,-0.06193170790662968,0.06625511481406841,0.4501811594202898,0.4678318443054136,0.562176525592804,0.5106382978723404,0.14814814814814814,0.4844757616519928,0.47579386830329895,0.7058855587603913,0.7058855679151225,0.6389986176938545,0.7756806464068803,0.2562973696737649,0.44680851063829785,0.44384057971014496,0.4117647058823529,0.30434782608695654,0.35,-0.11685224553324099,0.11273690297248516,0.43478260869565216,0.4828321176814572,0.6513548493385315,0.5319148936170213,0.08333333333333333,0.4703405797481537,0.4635818302631378
129,0.7006162405014038,0.7085959107069717,0.7085959180518705,0.6895628762580697,0.7284564834019236,0.25763486658511425,0.44680851063829785,0.4519927536231884,0.45714285714285713,0.6956521739130435,0.5517241379310345,-0.11007322363666258,0.07036959364059123,0.41666666666666663,0.4531100465393562,0.3775406777858734,0.48936170212765956,0.6571428571428571,0.497399240732193,0.4838518500328064,0.6955953492850501,0.6955953508259268,0.6884261807665476,0.7030762239313664,0.25123313992817203,0.425531914893617,0.43297101449275366,0.45,0.782608695652174,0.5714285714285714,-0.18822753949743593,0.08439264208712477,0.45833333333333337,0.49031340229305076,0.5312093496322632,0.5319148936170213,0.15384615384615385,0.49740931391716003,0.4959084391593933
130,0.6945578455924988,0.7035281362997062,0.7035281409851613,0.7085202077909889,0.6983190277964715,0.25513248876102784,0.46808510638297873,0.47554347826086957,0.475,0.8260869565217391,0.6031746031746031,-0.06867761576257797,0.051753630029394274,0.46014492753623193,0.4667700122210841,0.4073334038257599,0.48936170212765956,0.6571428571428571,0.5064619183540344,0.4986848831176758,0.6983392633133391,0.6983392571728609,0.7122703063882542,0.6838025101654942,0.25259502100809406,0.46808510638297873,0.47735507246376807,0.4772727272727273,0.9130434782608695,0.6268656716417911,-0.09261546343216398,0.04450570459061481,0.44202898550724634,0.5084737086506785,0.562176525592804,0.5531914893617021,0.2222222222222222,0.5090926289558411,0.5054066777229309
131,0.6930208206176758,0.7067310241351926,0.7067310286866559,0.6865527014580346,0.7277866744904348,0.256746065370691,0.425531914893617,0.43115942028985504,0.4444444444444444,0.6956521739130435,0.5423728813559322,-0.1625535507407927,0.08836135648666545,0.39855072463768115,0.4532825793205847,0.4073334038257599,0.48936170212765956,0.6571428571428571,0.49610891938209534,0.4837902784347534,0.6937276151869908,0.6937276158752158,0.6882635264513972,0.6994292744044178,0.250293361749565,0.44680851063829785,0.4556159420289855,0.46511627906976744,0.8695652173913043,0.6060606060606061,-0.15902386981057753,0.05848823392644841,0.47826086956521735,0.4914934253143921,0.562176525592804,0.5319148936170213,0.08333333333333333,0.49740931391716003,0.4972861707210541
132,0.692409873008728,0.7037398650152397,0.7037398693860865,0.68907553898093,0.7190417793740757,0.2552638087267899,0.425531914893617,0.4320652173913043,0.4473684210526316,0.7391304347826086,0.5573770491803278,-0.1726150552081586,0.08571555005743148,0.40489130434782605,0.457668439203506,0.4073334038257599,0.48936170212765956,0.6571428571428571,0.49740931391716003,0.4878399968147278,0.6926038671925439,0.6926038678816491,0.6882635264513972,0.6971329198088685,0.2497450869166146,0.44680851063829785,0.4556159420289855,0.46511627906976744,0.8695652173913043,0.6060606060606061,-0.15902386981057753,0.059137000048414184,0.47826086956521735,0.4914934253143921,0.5926666259765625,0.5319148936170213,0.08333333333333333,0.49740931391716003,0.49861183762550354
133,0.6976121068000793,0.6961389856250048,0.6961389885005436,0.6933098348750956,0.6990911488053588,0.25149384971604927,0.425531914893617,0.4338768115942029,0.4523809523809524,0.8260869565217391,0.5846153846153846,-0.21440932712528177,0.07978029390598865,0.45833333333333337,0.47744592749218095,0.5312093496322632,0.5319148936170213,0.15384615384615385,0.5,0.4972861707210541,0.6909853060422152,0.6909853079873608,0.6881015055141546,0.6939944931767935,0.24891934410743852,0.48936170212765956,0.49818840579710144,0.4883720930232558,0.9130434782608695,0.6363636363636364,-0.006490770196350104,0.01594027432989567,0.5362318840579711,0.5324648843102059,0.5312093496322632,0.5531914893617021,0.16,0.4973992109298706,0.5
134,0.6952399015426636,0.6896139899835507,0.6896139882618514,0.6933098348750956,0.6857574526654231,0.24824489811680572,0.48936170212765956,0.4990942028985507,0.4888888888888889,0.9565217391304348,0.6470588235294118,-0.004486515850484713,0.015276201861969969,0.5226449275362319,0.5333538904306712,0.562176525592804,0.5531914893617021,0.16,0.5,0.5040497779846191,0.6894481976576168,0.6894481975468424,0.6958326723979908,0.682786136832601,0.24815749182176877,0.48936170212765956,0.5,0.48936170212765956,1.0,0.6571428571428571,0.0,0.01395326852798462,0.5452898550724637,0.53422756706753,0.5312093496322632,0.5531914893617021,0.2222222222222222,0.5013003945350647,0.5054172277450562
135,0.6938697099685669,0.6837667702639004,0.6837667647058935,0.7486306039842137,0.616082758502429,0.2453870239500732,0.48936170212765956,0.5,0.48936170212765956,1.0,0.6571428571428571,0.0,0.04423857559549048,0.5942028985507246,0.612113783533765,0.5926666259765625,0.6382978723404256,0.45161290322580644,0.5258582234382629,0.5416790246963501,0.6950878752663331,0.6950878753104797,0.7454658660139084,0.6425195371851627,0.2509833869015269,0.48936170212765956,0.5,0.48936170212765956,1.0,0.6571428571428571,0.0,0.03641235828399658,0.5054347826086956,0.5223323814503479,0.5926666259765625,0.5531914893617021,0.2222222222222222,0.5246168971061707,0.5269815325737
136,0.6917707324028015,0.6938106728362343,0.6938106759820486,0.6961573553599804,0.6913619670659462,0.2503245028286863,0.46808510638297873,0.47735507246376807,0.4772727272727273,0.9130434782608695,0.6268656716417911,-0.09261546343216398,0.038539726049342055,0.5181159420289855,0.5025448548957377,0.5312093496322632,0.5531914893617021,0.2222222222222222,0.5012903213500977,0.5013569593429565,0.686163534083847,0.6861635374836234,0.7016903676829106,0.6699616277104544,0.24651514377870068,0.5106382978723404,0.5208333333333334,0.5,1.0,0.6666666666666666,0.14433756729740643,0.018580938273287835,0.5987318840579711,0.5456521739130434,0.5312093496322632,0.5957446808510638,0.3870967741935484,0.5038809776306152,0.512180745601654
137,0.6897728443145752,0.688609461959585,0.6886094689191471,0.7080335116013533,0.6683409026420625,0.24773871980070594,0.5319148936170213,0.5398550724637681,0.5121951219512195,0.9130434782608695,0.65625,0.11940309498806996,0.020521913437133138,0.5688405797101449,0.5354835555756112,0.5312093496322632,0.5531914893617021,0.4,0.5064416527748108,0.5134751796722412,0.69837477968947,0.6983747881847697,0.7246319151922368,0.6709760469595866,0.25259438886061036,0.46808510638297873,0.47644927536231885,0.47619047619047616,0.8695652173913043,0.6153846153846154,-0.07636496582544282,0.053076528488321506,0.4809782608695652,0.47349896480331266,0.46879062056541443,0.5106382978723404,0.6666666666666666,0.5142238736152649,0.5121389627456665
138,0.6946693658828735,0.6884478058168104,0.6884478085633007,0.7475590953767135,0.6267664658014792,0.24767642153920302,0.5319148936170213,0.5416666666666666,0.5111111111111111,1.0,0.6764705882352942,0.2063797291222968,0.07859764327394202,0.5788043478260869,0.5769151138716356,0.622459352016449,0.574468085106383,0.2857142857142857,0.5244379639625549,0.5361813902854919,0.6890304812932233,0.6890304841103414,0.7638303868624915,0.6109784116733153,0.24793936666307295,0.5106382978723404,0.5208333333333334,0.5,1.0,0.6666666666666666,0.14433756729740643,0.04879106295869706,0.5842391304347826,0.5410282953761214,0.5312093496322632,0.574468085106383,0.6,0.5322109460830688,0.5443529486656189
139,0.6935588717460632,0.7028428046158869,0.7028428110110775,0.7428269419174122,0.6611202396305542,0.2546916751514172,0.48936170212765956,0.49818840579710144,0.4883720930232558,0.9130434782608695,0.6363636363636364,-0.006490770196350104,0.04911706168600853,0.5045289855072463,0.4834782230328483,0.5312093496322632,0.5319148936170213,0.45,0.5217891335487366,0.5175354480743408,0.6967369036853382,0.6967369076013935,0.7584600288547115,0.6323301723805403,0.2516875220865687,0.5106382978723404,0.519927536231884,0.5,0.9565217391304348,0.6567164179104478,0.0815016078203043,0.04162322713973674,0.542572463768116,0.5081544237989795,0.5312093496322632,0.5531914893617021,0.5714285714285714,0.5296202301979065,0.5324089527130127
140,0.6963014602661133,0.6934677092324912,0.6934677121430481,0.7321985468269022,0.6530529281251135,0.25014947980273533,0.44680851063829785,0.45652173913043476,0.4666666666666667,0.9130434782608695,0.6176470588235294,-0.2153527608232662,0.07565055946086316,0.5317028985507246,0.5063833085164097,0.5312093496322632,0.574468085106383,0.5,0.518095076084137,0.5215851664543152,0.7079261278544547,0.7079261294886683,0.7679200839556911,0.6453237422187318,0.25735008409677235,0.46808510638297873,0.4782608695652174,0.4782608695652174,0.9565217391304348,0.6376811594202898,-0.1506131137016415,0.06363427448779979,0.4184782608695652,0.46500690450334503,0.5926666259765625,0.5106382978723404,0.14814814814814814,0.5349497199058533,0.5256348252296448
141,0.6930943727493286,0.6833740066385122,0.6833740101639398,0.7025023802124434,0.6634139718524579,0.24515605807875138,0.5106382978723404,0.5190217391304348,0.5,0.9130434782608695,0.6461538461538462,0.061679395474396125,0.02053202530171009,0.5824275362318841,0.5716403162055337,0.5312093496322632,0.574468085106383,0.4117647058823529,0.5038809776306152,0.5161679983139038,0.700239666261249,0.7002396698606694,0.7326883907063738,0.6663801350651519,0.25355377829819553,0.46808510638297873,0.47644927536231885,0.47619047619047616,0.8695652173913043,0.6153846153846154,-0.07636496582544282,0.07242696779839537,0.4465579710144927,0.4927038008879441,0.622459352016449,0.5319148936170213,0.08333333333333333,0.5181249976158142,0.5147807002067566
142,0.6967415809631348,0.6858677887806632,0.6858677932411726,0.7025023802124434,0.6685099633581075,0.24639670925445376,0.5106382978723404,0.5190217391304348,0.5,0.9130434782608695,0.6461538461538462,0.061679395474396125,0.019209167424668654,0.5625,0.5583850931677019,0.5312093496322632,0.5531914893617021,0.36363636363636365,0.5038809776306152,0.5134645700454712,0.700239666261249,0.7002396698606694,0.7326883907063738,0.6663801350651519,0.25355377829819553,0.46808510638297873,0.47644927536231885,0.47619047619047616,0.8695652173913043,0.6153846153846154,-0.07636496582544282,0.07242696779839537,0.4465579710144927,0.4927038008879441,0.622459352016449,0.5319148936170213,0.08333333333333333,0.5181249976158142,0.5147807002067566
143,0.6926679611206055,0.6888554644084821,0.6888554686263542,0.7157646784851895,0.6607762931214826,0.24787687942589332,0.48936170212765956,0.49818840579710144,0.4883720930232558,0.9130434782608695,0.6363636363636364,-0.006490770196350104,0.04586391499701966,0.5606884057971014,0.545803227600874,0.5312093496322632,0.574468085106383,0.47368421052631576,0.5103428959846497,0.5175051093101501,0.699367292795707,0.6993672976713379,0.7461152319378872,0.6505868445236345,0.2531089508719021,0.5106382978723404,0.519927536231884,0.5,0.9565217391304348,0.6567164179104478,0.0815016078203043,0.034410004920147834,0.47644927536231885,0.5135126205894014,0.5926666259765625,0.5531914893617021,0.2222222222222222,0.5245966911315918,0.5229107737541199
144,0.6947649121284485,0.6827951768949799,0.6827951861976316,0.6920857137809651,0.6731007226324143,0.24485056323828727,0.5319148936170213,0.5398550724637681,0.5121951219512195,0.9130434782608695,0.65625,0.11940309498806996,0.016688409003805606,0.6077898550724637,0.573606692588665,0.5312093496322632,0.5957446808510638,0.42424242424242425,0.4986995756626129,0.5108030438423157,0.6933031988175172,0.6933032075878491,0.7222717319844917,0.663075182130483,0.2500747505170862,0.5531914893617021,0.5615942028985508,0.5238095238095238,0.9565217391304348,0.676923076923077,0.19972375677423507,0.030717143035949544,0.5280797101449275,0.516977225672878,0.5,0.5531914893617021,0.676923076923077,0.5129234790802002,0.5161784887313843
145,0.6911828517913818,0.680546438263319,0.6805464441013123,0.7020156763132114,0.6581437670106353,0.24375118221504624,0.5106382978723404,0.5190217391304348,0.5,0.9130434782608695,0.6461538461538462,0.061679395474396125,0.03791600719411323,0.6313405797101449,0.5984538126073742,0.5312093496322632,0.6382978723404256,0.5405405405405406,0.5038809776306152,0.5188620090484619,0.6953852254530303,0.6953852341008283,0.7295187092810242,0.6597676947823632,0.25110998847077665,0.5531914893617021,0.5625,0.5227272727272727,1.0,0.6865671641791045,0.2556186790727726,0.03200420483629754,0.5090579710144927,0.5142153803481034,0.5,0.5531914893617021,0.6865671641791045,0.5168445110321045,0.5175771713256836
146,0.6968252658843994,0.6870374731647093,0.6870374719922396,0.6985181642360366,0.6750576192161041,0.2469582884547672,0.48936170212765956,0.5,0.48936170212765956,1.0,0.6571428571428571,0.0,0.016604304313659668,0.5706521739130435,0.5631029470067398,0.5312093496322632,0.574468085106383,0.3333333333333333,0.5026007890701294,0.509477436542511,0.6899404862597714,0.6899404843441489,0.6985181642360366,0.6809898618482666,0.2484397523622449,0.48936170212765956,0.5,0.48936170212765956,1.0,0.6571428571428571,0.0,0.03130144388117689,0.503623188405797,0.5120259019426457,0.622459352016449,0.5319148936170213,0.08333333333333333,0.5026007890701294,0.5066812634468079
147,0.6888906955718994,0.7001692302066478,0.7001692299864986,0.6931471805599453,0.7074965859098584,0.2534950676659192,0.425531914893617,0.43478260869565216,0.45454545454545453,0.8695652173913043,0.5970149253731343,-0.26673253468463226,0.07777791073981752,0.43478260869565216,0.4580999635578729,0.43782350420951843,0.48936170212765956,0.6571428571428571,0.5,0.4932364225387573,0.6960556050032078,0.6960556046289809,0.6958326723979908,0.696288229565666,0.2514466051632774,0.46808510638297873,0.4782608695652174,0.4782608695652174,0.9565217391304348,0.6376811594202898,-0.1506131137016415,0.03456588057761496,0.48007246376811596,0.4796886940433576,0.5312093496322632,0.5106382978723404,0.08,0.5013003945350647,0.4986536204814911
148,0.6921799182891846,0.6888234315244852,0.6888234307660667,0.7042138308741173,0.6727638828272314,0.2478489961712667,0.48936170212765956,0.4990942028985507,0.4888888888888889,0.9565217391304348,0.6470588235294118,-0.004486515850484713,0.021242176598690925,0.5498188405797102,0.5374601706239078,0.5312093496322632,0.5531914893617021,0.36363636363636365,0.5051915049552917,0.5108238458633423,0.7034095622743317,0.7034095690006991,0.7206502135277582,0.6854193312333332,0.25510167264767397,0.46808510638297873,0.4782608695652174,0.4782608695652174,0.9565217391304348,0.6376811594202898,-0.1506131137016415,0.041854706850457696,0.4311594202898551,0.46513292844789444,0.46879062056541443,0.48936170212765956,0.6571428571428571,0.5129635334014893,0.5040707588195801
149,0.6878459453582764,0.6891550161763532,0.6891550143309093,0.7124323350350933,0.6648656362048048,0.2480135030827202,0.5106382978723404,0.5208333333333334,0.5,1.0,0.6666666666666666,0.14433756729740643,0.022559893258074497,0.5507246376811594,0.5340022296544036,0.562176525592804,0.5531914893617021,0.27586206896551724,0.509082555770874,0.5148841142654419,0.703161035271707,0.7031610292205503,0.7174786357491953,0.6882209180602255,0.2549992237333387,0.46808510638297873,0.4782608695652174,0.4782608695652174,0.9565217391304348,0.6376811594202898,-0.1506131137016415,0.04053700287291344,0.3677536231884058,0.467590395366609,0.562176525592804,0.5106382978723404,0.08,0.5116934180259705,0.5027033090591431
150,0.6929262280464172,0.6891550161763532,0.6891550143309093,0.7124323350350933,0.6648656362048048,0.2480135030827202,0.5106382978723404,0.5208333333333334,0.5,1.0,0.6666666666666666,0.14433756729740643,0.022559893258074497,0.5507246376811594,0.5340022296544036,0.562176525592804,0.5531914893617021,0.27586206896551724,0.509082555770874,0.5148841142654419,0.703161035271707,0.7031610292205503,0.7174786357491953,0.6882209180602255,0.2549992237333387,0.46808510638297873,0.4782608695652174,0.4782608695652174,0.9565217391304348,0.6376811594202898,-0.1506131137016415,0.04053700287291344,0.3677536231884058,0.467590395366609,0.562176525592804,0.5106382978723404,0.08,0.5116934180259705,0.5027033090591431
151,0.6887242197990417,0.6847094833484922,0.6847094818858624,0.6936345101274886,0.6753964089380788,0.24580504470421927,0.48936170212765956,0.4990942028985507,0.4888888888888889,0.9565217391304348,0.6470588235294118,-0.004486515850484713,0.01925005874735244,0.5697463768115941,0.5756383712905452,0.5312093496322632,0.574468085106383,0.3333333333333333,0.500010073184967,0.5094669461250305,0.7037398650152394,0.7037398665267535,0.7181248616929347,0.6887294367881298,0.25526380846670843,0.425531914893617,0.43478260869565216,0.45454545454545453,0.8695652173913043,0.5970149253731343,-0.26673253468463226,0.08571549869598226,0.40851449275362317,0.45088512320242197,0.46879062056541443,0.48936170212765956,0.6571428571428571,0.5116432309150696,0.5026928186416626
152,0.6911584138870239,0.685288000098724,0.6852879968106351,0.7067372940653239,0.6629061214144382,0.24611493631870648,0.48936170212765956,0.4990942028985507,0.4888888888888889,0.9565217391304348,0.6470588235294118,-0.004486515850484713,0.024536842361409614,0.5625000000000001,0.5735195219006504,0.562176525592804,0.574468085106383,0.23076923076923078,0.5065019726753235,0.5161889791488647,0.6960917673244451,0.6960917648201718,0.7206483248841412,0.6704675282316821,0.25146786635786417,0.46808510638297873,0.4782608695652174,0.4782608695652174,0.9565217391304348,0.6376811594202898,-0.1506131137016415,0.04580315186622295,0.4764492753623188,0.48809352172984877,0.562176525592804,0.5319148936170213,0.21428571428571427,0.5129537582397461,0.512149453163147
153,0.6962669491767883,0.6886573162259981,0.6886573151757589,0.6936345101274886,0.6834637204435196,0.2477661002777322,0.48936170212765956,0.4990942028985507,0.4888888888888889,0.9565217391304348,0.6470588235294118,-0.004486515850484713,0.018586033836324165,0.5461956521739132,0.5488128276287387,0.5312093496322632,0.5531914893617021,0.27586206896551724,0.500010073184967,0.5054172277450562,0.6990470870957141,0.6990470856297736,0.7067366683970127,0.6910231731770025,0.25294496621038287,0.44680851063829785,0.45652173913043476,0.4666666666666667,0.9130434782608695,0.6176470588235294,-0.2153527608232662,0.05982147442533615,0.4257246376811594,0.46429232192414427,0.562176525592804,0.5106382978723404,0.08,0.5064918398857117,0.5013464093208313
154,0.6914788484573364,0.6923566221008796,0.6923566230641603,0.7040511765589669,0.6801536107217538,0.249604098054461,0.48936170212765956,0.5,0.48936170212765956,1.0,0.6571428571428571,0.0,0.016604304313659668,0.523550724637681,0.5005286110744019,0.5312093496322632,0.5319148936170213,0.26666666666666666,0.5051915049552917,0.5067740678787231,0.6927699824910312,0.6927699856067817,0.7095841888818972,0.6752247300153571,0.24981767683427228,0.48936170212765956,0.5,0.48936170212765956,1.0,0.6571428571428571,0.0,0.019239962100982666,0.5217391304347826,0.5230753417617432,0.5312093496322632,0.5319148936170213,0.3125,0.5077821612358093,0.5094566941261292
155,0.6921125650405884,0.6948504042430307,0.6948504013013436,0.7012036560740823,0.6882209180602255,0.25085505482962545,0.46808510638297873,0.4782608695652174,0.4782608695652174,0.9565217391304348,0.6376811594202898,-0.1506131137016415,0.036557989551665934,0.4646739130434782,0.49802517797530466,0.562176525592804,0.5319148936170213,0.08333333333333333,0.5039011836051941,0.5027033090591431,0.6975927133878063,0.6975927104207893,0.7067366683970127,0.6880511890542956,0.25221876510808044,0.48936170212765956,0.5,0.48936170212765956,1.0,0.6571428571428571,0.0,0.015276193618774414,0.44112318840579706,0.4898242368177613,0.562176525592804,0.5106382978723404,0.08,0.5064918398857117,0.5027033090591431
156,0.6913560032844543,0.6896143129561041,0.6896143139447148,0.6909496516673507,0.6882209180602253,0.2482403868842368,0.5319148936170213,0.5407608695652174,0.5116279069767442,0.9565217391304348,0.6666666666666666,0.14604232941787731,0.02594378653992998,0.5407608695652174,0.5313878192027193,0.5,0.5319148936170213,0.6666666666666666,0.4986995756626129,0.5027033090591431,0.6976757710370498,0.6976757720012561,0.6988428471980259,0.6964579544046268,0.2522602136300316,0.44680851063829785,0.4556159420289855,0.46511627906976744,0.8695652173913043,0.6060606060606061,-0.15902386981057753,0.059157463464331116,0.44112318840579706,0.4697954090742852,0.562176525592804,0.5106382978723404,0.08,0.5025907158851624,0.49863260984420776
157,0.6891056299209595,0.6908195137162813,0.6908195138805846,0.6958326723979908,0.6855883919493782,0.2488422447785348,0.46808510638297873,0.4782608695652174,0.4782608695652174,0.9565217391304348,0.6376811594202898,-0.1506131137016415,0.03589394561787869,0.5244565217391305,0.5250573140811647,0.5312093496322632,0.5531914893617021,0.2222222222222222,0.5013003945350647,0.5040602684020996,0.6963859077441157,0.6963859070907547,0.7043733452090283,0.6880511890542956,0.251598436115429,0.48936170212765956,0.5,0.48936170212765956,1.0,0.6571428571428571,0.0,0.014596879482269287,0.4800724637681159,0.4898242368177613,0.562176525592804,0.5106382978723404,0.08,0.5051615238189697,0.5027033090591431
158,0.6889708638191223,0.6893204855297341,0.6893204780104427,0.7149551725579886,0.6625712315260474,0.2481054202734905,0.48936170212765956,0.5,0.48936170212765956,1.0,0.6571428571428571,0.0,0.02387756109237671,0.5271739130434783,0.5573543015726179,0.562176525592804,0.5957446808510638,0.3870967741935484,0.5103829503059387,0.516219973564148,0.6896498293322352,0.6896498310019958,0.7181248616929347,0.6599367554984081,0.24825005797836608,0.48936170212765956,0.5,0.48936170212765956,1.0,0.6571428571428571,0.0,0.02518022060394287,0.5652173913043478,0.522445639466916,0.5312093496322632,0.574468085106383,0.4444444444444444,0.5116432309150696,0.5175666809082031
159,0.6911172270774841,0.694887525502675,0.6948875259907203,0.7075486809265453,0.6816758860576858,0.2508525911677431,0.48936170212765956,0.49818840579710144,0.4883720930232558,0.9130434782608695,0.6363636363636364,-0.006490770196350104,0.026523644619799676,0.5081521739130435,0.5045144341897994,0.562176525592804,0.5319148936170213,0.21428571428571427,0.5064918398857117,0.5067948698997498,0.7054418067873648,0.7054418116916753,0.7320365181800632,0.6776908136168361,0.2560855743950219,0.46808510638297873,0.4782608695652174,0.4782608695652174,0.9565217391304348,0.6376811594202898,-0.1506131137016415,0.04646719580001019,0.4329710144927537,0.45584316339253395,0.46879062056541443,0.48936170212765956,0.6571428571428571,0.518105149269104,0.5081310272216797
160,0.6912819147109985,0.695383620569517,0.6953836208795575,0.723498359680954,0.6660465021302742,0.2511324276193787,0.48936170212765956,0.4990942028985507,0.4888888888888889,0.9565217391304348,0.6470588235294118,-0.004486515850484713,0.02915414406898174,0.4954710144927536,0.5314215232809127,0.5926666259765625,0.5531914893617021,0.16,0.514263927936554,0.5148320198059082,0.6990315787065985,0.6990315804907011,0.7380487766352534,0.6583179845137772,0.25288078855784446,0.46808510638297873,0.4782608695652174,0.4782608695652174,0.9565217391304348,0.6376811594202898,-0.1506131137016415,0.05434382342277689,0.5081521739130436,0.492365220230392,0.5312093496322632,0.5319148936170213,0.45,0.520636796951294,0.5188923478126526
161,0.689675509929657,0.6904762664081779,0.6904762650699023,0.7209755221580588,0.6586509533257392,0.2487018777459345,0.5106382978723404,0.519927536231884,0.5,0.9565217391304348,0.6567164179104478,0.0815016078203043,0.04254863236812835,0.5362318840579711,0.5430157261794635,0.562176525592804,0.5531914893617021,0.36363636363636365,0.5129635334014893,0.5188514590263367,0.7045920799693615,0.7045920774891069,0.7467374101030632,0.6606143391093265,0.25558170681882786,0.46808510638297873,0.4782608695652174,0.4782608695652174,0.9565217391304348,0.6376811594202898,-0.1506131137016415,0.05563796200650804,0.47373188405797095,0.4754270948658297,0.562176525592804,0.5106382978723404,0.30303030303030304,0.5244415402412415,0.5175666809082031
162,0.692172646522522,0.6992015004697729,0.6992014993153851,0.7454658660139083,0.6509256384125782,0.25303184906733317,0.46808510638297873,0.4782608695652174,0.4782608695652174,0.9565217391304348,0.6376811594202898,-0.1506131137016415,0.058347788896966485,0.4782608695652174,0.5128988676126994,0.5926666259765625,0.5531914893617021,0.2222222222222222,0.5246168971061707,0.5229213237762451,0.7002700942617327,0.7002701036391039,0.7574953340889291,0.6405568196914603,0.2535232075472234,0.46808510638297873,0.4782608695652174,0.4782608695652174,0.9565217391304348,0.6376811594202898,-0.1506131137016415,0.06224608738371666,0.4945652173913043,0.49140892088645777,0.5312093496322632,0.5319148936170213,0.5217391304347826,0.5296991467475891,0.5282769203186035
163,0.6922006011009216,0.6970878031910093,0.6970878068682677,0.7345643843268149,0.6579818129984792,0.2519637585021503,0.48936170212765956,0.4990942028985507,0.4888888888888889,0.9565217391304348,0.6470588235294118,-0.004486515850484713,0.03380212695040602,0.5036231884057971,0.5075743559554845,0.5926666259765625,0.5319148936170213,0.08333333333333333,0.5194452404975891,0.5189236402511597,0.6961564690582925,0.6961564719932543,0.7518002931191597,0.6380933542966578,0.2514850495746288,0.46808510638297873,0.4782608695652174,0.4782608695652174,0.9565217391304348,0.6376811594202898,-0.1506131137016415,0.06158725568588744,0.5190217391304348,0.5035072195632063,0.5312093496322632,0.5319148936170213,0.5217391304347826,0.5271186232566833,0.5296233892440796
164,0.7361820936203003,0.6869461457751422,0.6869461436546115,0.718128001673174,0.6544085526787203,0.24710135737523375,0.44680851063829785,0.45471014492753625,0.4634146341463415,0.8260869565217391,0.59375,-0.13568533521371587,0.12522658895938954,0.5045289855072463,0.5661610994101334,0.562176525592804,0.574468085106383,0.375,0.5116732120513916,0.5224887728691101,0.7146603276577144,0.7146603273875939,0.7518009187874709,0.6759049276659833,0.26065456433285583,0.44680851063829785,0.4556159420289855,0.46511627906976744,0.8695652173913043,0.6060606060606061,-0.15902386981057753,0.07698421275362055,0.35235507246376807,0.44396921568383235,0.46879062056541443,0.48936170212765956,0.6571428571428571,0.5271286964416504,0.5094563961029053
165,0.6943564414978027,0.695242248198205,0.6952422573263999,0.722261759905591,0.6670479937655047,0.25103777008566003,0.46808510638297873,0.47554347826086957,0.475,0.8260869565217391,0.6031746031746031,-0.06867761576257797,0.06061170773303255,0.5153985507246377,0.5131084533720981,0.5312093496322632,0.5531914893617021,0.43243243243243246,0.5128445625305176,0.5147088766098022,0.7076671403961751,0.7076671443374639,0.7524421935665697,0.6609453538375275,0.2571612125811056,0.46808510638297873,0.47735507246376807,0.4772727272727273,0.9130434782608695,0.6268656716417911,-0.09261546343216398,0.05827786694181726,0.431159420289855,0.4541924675451137,0.46879062056541443,0.48936170212765956,0.6571428571428571,0.5270595550537109,0.5174945592880249
166,0.6937819719314575,0.6941197821147181,0.6941197892302966,0.7249472517436368,0.6619520022598551,0.2504818715298881,0.46808510638297873,0.47554347826086957,0.475,0.8260869565217391,0.6031746031746031,-0.06867761576257797,0.06259860700749337,0.5208333333333333,0.5153600061671292,0.5312093496322632,0.5531914893617021,0.46153846153846156,0.5141449570655823,0.5174121856689453,0.7075013480702411,0.7075013487824054,0.7521175106045802,0.6609453538375275,0.25708411188553065,0.44680851063829785,0.45652173913043476,0.4666666666666667,0.9130434782608695,0.6176470588235294,-0.2153527608232662,0.07823159402989326,0.42391304347826086,0.4547853529206078,0.46879062056541443,0.48936170212765956,0.6571428571428571,0.527069628238678,0.5174945592880249
167,0.7430711388587952,0.6798098741224894,0.6798098754278613,0.722594526302864,0.6351650223409022,0.24346142816473113,0.574468085106383,0.582427536231884,0.5365853658536586,0.9565217391304348,0.6875,0.24694731008896287,0.0799043096126394,0.6023550724637681,0.6222541190864392,0.562176525592804,0.5957446808510638,0.4864864864864865,0.51290363073349,0.5321028828620911,0.7071776993203011,0.7071777001263737,0.7566920306629913,0.6555105726099032,0.2569902107445237,0.46808510638297873,0.4782608695652174,0.4782608695652174,0.9565217391304348,0.6376811594202898,-0.1506131137016415,0.07440373999007206,0.4003623188405797,0.4755929158455,0.622459352016449,0.5319148936170213,0.08333333333333333,0.5297784209251404,0.5202084183692932
168,0.6896282434463501,0.6835372744107188,0.6835372752304855,0.6972946765198135,0.6691817260590132,0.24524825666190594,0.5531914893617021,0.5606884057971014,0.525,0.9130434782608695,0.6666666666666666,0.17042223170713794,0.03402652258568622,0.5797101449275363,0.57634121711365,0.562176525592804,0.574468085106383,0.3333333333333333,0.5012903213500977,0.5134343504905701,0.7023701538400883,0.702370152138894,0.7176406643960345,0.6864357045662263,0.25459752643065015,0.425531914893617,0.43478260869565216,0.45454545454545453,0.8695652173913043,0.5970149253731343,-0.26673253468463226,0.08772289562732616,0.4202898550724637,0.45713327214956145,0.562176525592804,0.5106382978723404,0.14814814814814814,0.5116832852363586,0.5040602684020996
169,0.6908562183380127,0.6812337805617208,0.6812337765181398,0.7184526769255671,0.6423966630495203,0.2441886713773897,0.5106382978723404,0.519927536231884,0.5,0.9565217391304348,0.6567164179104478,0.0815016078203043,0.04519804043972746,0.5652173913043479,0.6256244218316374,0.5926666259765625,0.6170212765957447,0.35714285714285715,0.5116833448410034,0.5281137228012085,0.7152882642896795,0.7152882640569448,0.7509969896932218,0.6780269851321341,0.26100952589694487,0.46808510638297873,0.4782608695652174,0.4782608695652174,0.9565217391304348,0.6376811594202898,-0.1506131137016415,0.05109491056584297,0.3007246376811594,0.43503310421813296,0.46879062056541443,0.48936170212765956,0.6571428571428571,0.5271977782249451,0.5080997347831726
170,0.6831136345863342,0.6838250336779392,0.6838250285912265,0.734402981348287,0.6310480344099461,0.24556745694458626,0.5106382978723404,0.519927536231884,0.5,0.9565217391304348,0.6567164179104478,0.0815016078203043,0.08330683822327473,0.538949275362319,0.6128444481820985,0.5926666259765625,0.6170212765957447,0.35714285714285715,0.519465446472168,0.5346279740333557,0.7152353509365595,0.7152353543521539,0.765389780956227,0.6629003005044254,0.2609621720815856,0.48936170212765956,0.5,0.48936170212765956,1.0,0.6571428571428571,0.0,0.03570852317708604,0.33242753623188404,0.4412160457488857,0.622459352016449,0.5106382978723404,0.08,0.5336104035377502,0.5161586403846741
171,0.7289311289787292,0.6958057241016047,0.6958057195793173,0.7740956146847463,0.6141119159910439,0.251379705629593,0.48936170212765956,0.4990942028985507,0.4888888888888889,0.9565217391304348,0.6470588235294118,-0.004486515850484713,0.06053547656282465,0.5344202898550725,0.5504691423285317,0.562176525592804,0.574468085106383,0.5454545454545454,0.5375116467475891,0.5429882407188416,0.7071637958146987,0.7071638073750222,0.7960625030589857,0.6143999510091473,0.25693420122573174,0.48936170212765956,0.5,0.48936170212765956,1.0,0.6571428571428571,0.0,0.055531988118557224,0.4311594202898551,0.4661383944455174,0.5926666259765625,0.5106382978723404,0.20689655172413793,0.5478343367576599,0.5418250560760498
172,0.697847843170166,0.7008390493814278,0.7008390542159295,0.7867749968928411,0.6111667662052394,0.25391323428882995,0.48936170212765956,0.49818840579710144,0.4883720930232558,0.9130434782608695,0.6363636363636364,-0.006490770196350104,0.09789861516749604,0.49275362318840576,0.5528144847459167,0.622459352016449,0.574468085106383,0.2857142857142857,0.5425630211830139,0.5454004406929016,0.7244180650827052,0.7244180808898156,0.8324908452580831,0.6116465006794494,0.2652321190474127,0.5106382978723404,0.519927536231884,0.5,0.9565217391304348,0.6567164179104478,0.0815016078203043,0.063740333344074,0.3740942028985508,0.43426501035196685,0.43782350420951843,0.5106382978723404,0.6666666666666666,0.5615139603614807,0.5443243980407715
173,0.7131660580635071,0.71393334952915,0.713933362885401,0.8410050202932716,0.5813368508076228,0.26059129240048434,0.44680851063829785,0.45652173913043476,0.4666666666666667,0.9130434782608695,0.6176470588235294,-0.2153527608232662,0.1337083692246295,0.4465579710144927,0.5295941728533966,0.6791787147521973,0.574468085106383,0.23076923076923078,0.5668737888336182,0.5632464289665222,0.7370507838444065,0.737050801311042,0.8921980918816366,0.5751579763678124,0.27115668240272256,0.48936170212765956,0.4990942028985507,0.4888888888888889,0.9565217391304348,0.6470588235294118,-0.004486515850484713,0.09072870016098022,0.3668478260869565,0.4273901475634288,0.43782350420951843,0.48936170212765956,0.6571428571428571,0.5865010619163513,0.565280556678772
174,0.7221269011497498,0.7389890113736611,0.7389890069449649,0.4240672189449701,1.0676030465971338,0.2702573197206175,0.5319148936170213,0.5217391304347826,1.0,0.043478260869565216,0.08333333333333333,0.1506131137016415,0.1469930499158007,0.48007246376811596,0.5650440555075049,0.4073334038257599,0.574468085106383,0.3333333333333333,0.34474292397499084,0.350170373916626,0.7532839109809971,0.7532839127565502,0.4651387093786959,1.0539571684551814,0.2782588334250823,0.5106382978723404,0.5,0.0,0.0,0.0,0.0,0.19685494772931367,0.38405797101449274,0.43955793160050916,0.3208213150501251,0.5106382978723404,0.6461538461538462,0.3694908618927002,0.35095521807670593
175,0.7163490056991577,0.7555095400251712,0.7555095325709991,0.4013693444205564,1.125047120206244,0.27806443285998395,0.5319148936170213,0.5217391304347826,1.0,0.043478260869565216,0.08333333333333333,0.1506131137016415,0.16011689952079283,0.4592391304347826,0.5347192466225412,0.4073334038257599,0.574468085106383,0.23076923076923078,0.32971659302711487,0.32875242829322815,0.7561351373579625,0.7561351257932091,0.42317257090120936,1.1035743135066005,0.2792179478264604,0.5106382978723404,0.5,0.0,0.0,0.0,0.0,0.17088448811084667,0.43297101449275366,0.44666348144609014,0.2689414322376251,0.5106382978723404,0.6666666666666666,0.3432741165161133,0.33386218547821045
176,0.7227715849876404,0.711707166079503,0.7117071751228573,0.8460568978403256,0.5715161601133253,0.2591370317461959,0.48936170212765956,0.5,0.48936170212765956,1.0,0.6571428571428571,0.0,0.07830608905629909,0.447463768115942,0.4844416027280477,0.6791787147521973,0.5319148936170213,0.08333333333333333,0.569513738155365,0.5657415986061096,0.7290005257706619,0.7290005350883962,0.9041212680808582,0.5462658571832186,0.26741252495379897,0.48936170212765956,0.5,0.48936170212765956,1.0,0.6571428571428571,0.0,0.09765472437473054,0.4003623188405797,0.43575303482345296,0.5,0.48936170212765956,0.6571428571428571,0.5934147834777832,0.5803399085998535
177,0.7313733100891113,0.6787281812143515,0.6787281795254363,0.7521330595164327,0.6021317830130926,0.2429524397324501,0.5106382978723404,0.519927536231884,0.5,0.9565217391304348,0.6567164179104478,0.0815016078203043,0.09700727906632932,0.6259057971014493,0.6500749625187406,0.5926666259765625,0.6382978723404256,0.48484848484848486,0.527177631855011,0.5496450662612915,0.6979231125642655,0.6979231065392195,0.7888037424991516,0.6030911385810294,0.25232523874591456,0.5319148936170213,0.5416666666666666,0.5111111111111111,1.0,0.6764705882352942,0.2063797291222968,0.05674349627596267,0.5398550724637681,0.5413463558076035,0.562176525592804,0.574468085106383,0.5652173913043478,0.5438453555107117,0.5484632849693298
178,0.7040213346481323,0.7163848087165017,0.716384813355463,0.8428890973489965,0.5843803431013412,0.2614599984691655,0.46808510638297873,0.4782608695652174,0.4782608695652174,0.9565217391304348,0.6376811594202898,-0.1506131137016415,0.09702270398748683,0.4583333333333333,0.47090757082363305,0.5926666259765625,0.5106382978723404,0.41025641025641024,0.5682631731033325,0.5591014623641968,0.730295952110195,0.73029595630318,0.8650461111660129,0.5896870990550062,0.2682219871301437,0.44680851063829785,0.45652173913043476,0.4666666666666667,0.9130434782608695,0.6176470588235294,-0.2153527608232662,0.12593683917471704,0.411231884057971,0.45224170535985164,0.6513548493385315,0.5106382978723404,0.08,0.576972484588623,0.557562530040741
179,0.7069390416145325,0.7590948426360667,0.7590948415995418,0.40848873265206614,1.124944694414299,0.2803029577923187,0.5106382978723404,0.5,0.0,0.0,0.0,0.0,0.15881327809171475,0.4320652173913043,0.4741388203248229,0.4073334038257599,0.5319148936170213,0.08333333333333333,0.3343985974788666,0.3265308737754822,0.7656104447833869,0.76561042836389,0.43660724554404734,1.1089180973932915,0.28272825566426296,0.5106382978723404,0.5,0.0,0.0,0.0,0.0,0.14605387220991417,0.3759057971014493,0.4437422403927126,0.4073334038257599,0.5106382978723404,0.20689655172413793,0.3528943955898285,0.3333044946193695
180,0.7139915227890015,0.6861880337488491,0.6861880425838037,0.7412315855389355,0.6287513021088834,0.24655023957018526,0.48936170212765956,0.4963768115942029,0.48717948717948717,0.8260869565217391,0.6129032258064516,-0.009638582199437338,0.0670253723225695,0.5896739130434783,0.5720881345524389,0.5312093496322632,0.6382978723404256,0.6666666666666666,0.5219858288764954,0.5350507497787476,0.7084401969035096,0.7084402005276172,0.7999015714785647,0.6130022482309765,0.2573966086078537,0.46808510638297873,0.47644927536231885,0.47619047619047616,0.8695652173913043,0.6153846153846154,-0.07636496582544282,0.08707092734093361,0.5054347826086957,0.5060394413768403,0.5312093496322632,0.5531914893617021,0.6181818181818182,0.5474020838737488,0.5442922711372375
181,0.6972247958183289,0.7126902381085752,0.7126902349713413,0.8424154082137735,0.577324836805325,0.25941496119575436,0.44680851063829785,0.45652173913043476,0.4666666666666667,0.9130434782608695,0.6176470588235294,-0.2153527608232662,0.12074714391789539,0.5054347826086956,0.49353803438200705,0.562176525592804,0.5319148936170213,0.5925925925925926,0.5666148066520691,0.5631096363067627,0.7060597241698089,0.7060597257731216,0.8654875398521042,0.5397002676037481,0.25619130253053995,0.48936170212765956,0.5,0.48936170212765956,1.0,0.6571428571428571,0.0,0.09109128599471235,0.5688405797101449,0.5280469767116591,0.5926666259765625,0.574468085106383,0.5652173913043478,0.5768166184425354,0.5842475295066833
182,0.6913514733314514,0.7370507012360105,0.7370506927949436,0.42771240646847275,1.0598384698312613,0.27009418263240387,0.5106382978723404,0.5,0.0,0.0,0.0,0.0,0.14112711142986378,0.542572463768116,0.5226803164887314,0.3486451208591461,0.574468085106383,0.6153846153846154,0.34587517380714417,0.35069653391838074,0.7416028883514122,0.741602877489678,0.4664419573926408,1.0287273158518042,0.2723348621205672,0.48936170212765956,0.4791666666666667,0.0,0.0,0.0,-0.14433756729740643,0.15692969078713273,0.4692028985507246,0.4958394222561861,0.3486451208591461,0.5531914893617021,0.6440677966101694,0.37052297592163086,0.3617193400859833
183,0.7099113464355469,0.8101426633177687,0.8101426554356921,0.3328381368253689,1.3081995444203773,0.3006094162873167,0.5106382978723404,0.5,0.0,0.0,0.0,0.0,0.21159659738236286,0.42934782608695654,0.46830779985266574,0.3208213150501251,0.5319148936170213,0.15384615384615385,0.28286394476890564,0.27244454622268677,0.7842601583727346,0.7842601537460518,0.3510050014494692,1.2363524865772686,0.2907902741551309,0.5106382978723404,0.5,0.0,0.0,0.0,0.0,0.19573023725063243,0.5081521739130436,0.49780636717048243,0.29421496391296387,0.5319148936170213,0.6451612903225806,0.2957026958465576,0.2914702296257019
184,0.7292895913124084,0.7164320202711418,0.7164320207334622,0.7875248927689721,0.642248154261626,0.2616044884325163,0.40425531914893614,0.41304347826086957,0.4418604651162791,0.8260869565217391,0.5757575757575758,-0.31155696942480493,0.15471137838160737,0.39311594202898553,0.47515034300947445,0.622459352016449,0.5319148936170213,0.08333333333333333,0.5439823865890503,0.5282245874404907,0.7021473758911523,0.7021473753550579,0.8028742876528798,0.5970410320877655,0.25443386584321087,0.44680851063829785,0.45652173913043476,0.4666666666666667,0.9130434782608695,0.6176470588235294,-0.2153527608232662,0.10848161451360012,0.5416666666666667,0.5150005151774849,0.562176525592804,0.5531914893617021,0.5714285714285714,0.5502671599388123,0.5524108409881592
185,0.6880173087120056,0.7349511962930877,0.7349511962045917,0.7919618004967436,0.6754618699866937,0.2706548512759132,0.40425531914893614,0.4121376811594203,0.43902439024390244,0.782608695652174,0.5625,-0.26322955031460876,0.13459833949170213,0.2690217391304348,0.39950368375268536,0.43782350420951843,0.48936170212765956,0.6571428571428571,0.54505854845047,0.5107102394104004,0.702755344978289,0.7027553404043962,0.7829615263764648,0.6190619289552812,0.25477402163210877,0.44680851063829785,0.45471014492753625,0.4634146341463415,0.8260869565217391,0.59375,-0.13568533521371587,0.11808833923745664,0.5018115942028986,0.5347384405641213,0.562176525592804,0.5957446808510638,0.5957446808510638,0.5413317680358887,0.5403738021850586
186,0.6883602738380432,0.7008860452649092,0.7008860502170347,0.7673353480077051,0.6315476525224222,0.2538568443442262,0.5106382978723404,0.5190217391304348,0.5,0.9130434782608695,0.6461538461538462,0.061679395474396125,0.04426388854676105,0.48913043478260865,0.502651704450805,0.5926666259765625,0.5531914893617021,0.27586206896551724,0.5336101651191711,0.5336418151855469,0.7129895818578881,0.7129895929629936,0.7965735535247979,0.625771547159372,0.2596148563935422,0.46808510638297873,0.4782608695652174,0.4782608695652174,0.9565217391304348,0.6376811594202898,-0.1506131137016415,0.0759236882341669,0.4791666666666667,0.479373634181984,0.5312093496322632,0.5957446808510638,0.6274509803921569,0.5461506247520447,0.5363671183586121
187,0.7103557586669922,0.7013728152174691,0.7013728256508529,0.7227559215717956,0.6790600299072604,0.2541882045169993,0.44680851063829785,0.453804347826087,0.46153846153846156,0.782608695652174,0.5806451612903226,-0.12289192304282605,0.09246612736519347,0.44021739130434784,0.4850447116867098,0.6791787147521973,0.5319148936170213,0.08333333333333333,0.51290363073349,0.5091055631637573,0.6884322906817756,0.6884322827177769,0.735697302531103,0.6391122620430022,0.2476920126641997,0.5319148936170213,0.5398550724637681,0.5121951219512195,0.9130434782608695,0.65625,0.11940309498806996,0.035043510984867174,0.5471014492753624,0.5791678761386124,0.562176525592804,0.6170212765957447,0.5,0.5194156169891357,0.5296118259429932
188,0.6884615421295166,0.7013728152174691,0.7013728256508529,0.7227559215717956,0.6790600299072604,0.2541882045169993,0.44680851063829785,0.453804347826087,0.46153846153846156,0.782608695652174,0.5806451612903226,-0.12289192304282605,0.09246612736519347,0.44021739130434784,0.4850447116867098,0.6791787147521973,0.5319148936170213,0.08333333333333333,0.51290363073349,0.5091055631637573,0.6868964642081373,0.6868964560855522,0.7326896420429962,0.6391122620430022,0.24694283641699022,0.5319148936170213,0.5398550724637681,0.5121951219512195,0.9130434782608695,0.65625,0.11940309498806996,0.03439481461301763,0.5552536231884059,0.6050477933228774,0.562176525592804,0.6170212765957447,0.5,0.5181452035903931,0.5296118259429932
189,0.6825962662696838,0.6868568183947659,0.6868568211266377,0.6984288412908777,0.6747816696509096,0.2469091850355193,0.5531914893617021,0.5606884057971014,0.525,0.9130434782608695,0.6666666666666666,0.17042223170713794,0.03264998248282899,0.5335144927536233,0.551492301845119,0.5,0.5531914893617021,0.6666666666666666,0.5013404488563538,0.5107520818710327,0.6908455789966035,0.6908455734264191,0.7380600000507762,0.6415783456444812,0.24889627030802403,0.48936170212765956,0.49728260869565216,0.4878048780487805,0.8695652173913043,0.625,-0.008141120112822952,0.04567287830596275,0.5416666666666666,0.5725425914433382,0.562176525592804,0.5957446808510638,0.4864864864864865,0.5207359194755554,0.5282861590385437
190,0.6923360228538513,0.7186169718720471,0.7186169827273605,0.6094013727654339,0.8325810974702404,0.2623281192568832,0.46808510638297873,0.46376811594202894,0.42857142857142855,0.2608695652173913,0.32432432432432434,-0.07920807608695958,0.09213648324317121,0.4211956521739131,0.45877714020296667,0.4073334038257599,0.5106382978723404,0.6349206349206349,0.45380935072898865,0.4386647343635559,0.7313999482309724,0.7313999599695173,0.6307851441354091,0.8363893330138046,0.2685260126229875,0.44680851063829785,0.44202898550724634,0.38461538461538464,0.21739130434782608,0.2777777777777778,-0.12956846104453434,0.10893572264529289,0.33242753623188404,0.44365686198127985,0.5926666259765625,0.5319148936170213,0.08333333333333333,0.4664097726345062,0.43733808398246765
191,0.6873226761817932,0.7005589878614379,0.7005589932519654,0.7187773598875564,0.6815485237191751,0.25370855500638145,0.46808510638297873,0.47554347826086957,0.475,0.8260869565217391,0.6031746031746031,-0.06867761576257797,0.07113345125888257,0.4565217391304348,0.48970309677987756,0.6513548493385315,0.5319148936170213,0.08333333333333333,0.5116732120513916,0.5080199241638184,0.7043079617520028,0.7043079712900812,0.7433322475612494,0.6635869873549491,0.2555394610131146,0.44680851063829785,0.453804347826087,0.46153846153846156,0.782608695652174,0.5806451612903226,-0.12289192304282605,0.08821078120393955,0.4356884057971014,0.4493244100994574,0.46879062056541443,0.5319148936170213,0.6764705882352942,0.5220060348510742,0.5161992311477661
192,0.6875763535499573,0.6983703372589288,0.6983703451775002,0.6949313456222329,0.7019588664525619,0.2526057188963717,0.40425531914893614,0.40942028985507245,0.42857142857142855,0.6521739130434783,0.5172413793103449,-0.2076853276163445,0.13295222596919282,0.4682971014492754,0.5110868689989247,0.5312093496322632,0.5531914893617021,0.36363636363636365,0.4999801218509674,0.49723508954048157,0.6983291662724238,0.6983291761557311,0.7333377489207561,0.6617984915313574,0.2525765713003676,0.46808510638297873,0.47554347826086957,0.475,0.8260869565217391,0.6031746031746031,-0.06867761576257797,0.06432397188024318,0.49818840579710144,0.5006945581164628,0.5312093496322632,0.5319148936170213,0.5217391304347826,0.518125057220459,0.5175458788871765
193,0.7312120199203491,0.6998243879942835,0.6998243953901638,0.6949313456222329,0.704930186452353,0.25332612329418225,0.40425531914893614,0.40942028985507245,0.42857142857142855,0.6521739130434783,0.5172413793103449,-0.2076853276163445,0.13361109063980425,0.46467391304347827,0.5079990730153623,0.5312093496322632,0.5531914893617021,0.36363636363636365,0.4999801218509674,0.49588868021965027,0.6986607509242918,0.6986607618807505,0.7259312572893127,0.6702045927587729,0.2527410780148465,0.48936170212765956,0.49547101449275366,0.4864864864864865,0.782608695652174,0.6,-0.011063679935236808,0.04569316544431321,0.4936594202898551,0.49706233048779475,0.5926666259765625,0.5319148936170213,0.15384615384615385,0.5142340064048767,0.5134857296943665
194,0.6850301623344421,0.7038067783095135,0.7038067843184371,0.694352177808265,0.7136724606768773,0.2553102675370921,0.46808510638297873,0.4719202898550725,0.46875,0.6521739130434783,0.5454545454545454,-0.060224268865520264,0.07768312603869337,0.447463768115942,0.48737540247689126,0.622459352016449,0.5319148936170213,0.08333333333333333,0.4987295866012573,0.49185967445373535,0.709165250086502,0.7091652548776864,0.755625542969751,0.6606849542598805,0.2579227227169375,0.46808510638297873,0.47554347826086957,0.475,0.8260869565217391,0.6031746031746031,-0.06867761576257797,0.0715363101756319,0.45561594202898553,0.46504665132178785,0.4073334038257599,0.48936170212765956,0.6571428571428571,0.5284180641174316,0.5188923478126526
195,0.6926234364509583,0.6949123837106403,0.6949123930531197,0.6933831739546834,0.6965080999384446,0.2509515856011597,0.5319148936170213,0.536231884057971,0.5151515151515151,0.7391304347826086,0.6071428571428571,0.07920807608695958,0.024730838359670437,0.48278985507246375,0.5104942243466005,0.5,0.5319148936170213,0.6071428571428571,0.4987194836139679,0.49981701374053955,0.6992871219409368,0.6992871217868452,0.7252800104313134,0.6721641075491395,0.2530274423486063,0.48936170212765956,0.4963768115942029,0.48717948717948717,0.8260869565217391,0.6129032258064516,-0.009638582199437338,0.04107568809326659,0.49728260869565216,0.5145066466065541,0.562176525592804,0.5531914893617021,0.36363636363636365,0.5142241716384888,0.5121806859970093
196,0.6965611577033997,0.7143088540996104,0.7143088679033253,0.8484270608365675,0.5743594491903767,0.26056821657109425,0.44680851063829785,0.45652173913043476,0.4666666666666667,0.9130434782608695,0.6176470588235294,-0.2153527608232662,0.1254023237431303,0.4592391304347826,0.5189022542454644,0.6513548493385315,0.5531914893617021,0.16,0.5708728432655334,0.5654866695404053,0.710843677780503,0.7108436810979134,0.8745314455462632,0.5400390573257229,0.25857822684663534,0.48936170212765956,0.4990942028985507,0.4888888888888889,0.9565217391304348,0.6470588235294118,-0.004486515850484713,0.09572048326756091,0.5344202898550725,0.5007451947784973,0.5926666259765625,0.5531914893617021,0.5531914893617021,0.5806906819343567,0.5842370390892029
197,0.7362778782844543,0.6970912641401221,0.6970912679549855,0.6213324499656446,0.7761439475960367,0.25186736082723177,0.5319148936170213,0.5307971014492754,0.5238095238095238,0.4782608695652174,0.5,0.06193170790662968,0.05717507194965443,0.5181159420289856,0.5069661924533597,0.5,0.5319148936170213,0.5,0.4613180160522461,0.462431401014328,0.7097313785250123,0.7097313835578155,0.6348598454384238,0.7878582059432679,0.25809255619534255,0.48936170212765956,0.4873188405797102,0.47368421052631576,0.391304347826087,0.42857142857142855,-0.02583465585551993,0.053236326638688436,0.4384057971014493,0.4635112062232418,0.3775406777858734,0.48936170212765956,0.6571428571428571,0.4689711034297943,0.45704546570777893
198,0.7007495760917664,0.6943907944699792,0.6943908006660067,0.6712511323725584,0.7185365414939527,0.2506325666735456,0.5106382978723404,0.5135869565217391,0.5,0.6521739130434783,0.5660377358490566,0.02827070456449379,0.003944740016409692,0.48641304347826086,0.4966183574879227,0.43782350420951843,0.5106382978723404,0.6666666666666666,0.48833656311035156,0.48779818415641785,0.6963051009234917,0.696305106251028,0.6832184847835143,0.7099607112606077,0.2515767448180966,0.46808510638297873,0.473731884057971,0.4722222222222222,0.7391304347826086,0.576271186440678,-0.0620270127826709,0.039883276883592,0.45833333333333337,0.4766933908932059,0.46879062056541443,0.48936170212765956,0.6571428571428571,0.4947984218597412,0.49185845255851746
199,0.6848505735397339,0.689734814837545,0.6897348263082005,0.6821545027032686,0.6976447292003035,0.24829515926251175,0.5319148936170213,0.536231884057971,0.5151515151515151,0.7391304347826086,0.6071428571428571,0.07920807608695958,0.012040249844814868,0.5615942028985507,0.5322793148880105,0.5312093496322632,0.574468085106383,0.375,0.4935179650783539,0.4986535906791687,0.7102154407749598,0.7102154434828294,0.7127576436653941,0.7075627128575444,0.25845738071906715,0.40425531914893614,0.41032608695652173,0.43243243243243246,0.6956521739130435,0.5333333333333333,-0.2190608627176888,0.11756598125112817,0.3985507246376812,0.46657594463571217,0.5926666259765625,0.5319148936170213,0.08333333333333333,0.509082555770874,0.49465495347976685
200,0.6891850233078003,0.6974566018402902,0.6974566161291901,0.7761981894688036,0.6152914961226369,0.2521880553339005,0.46808510638297873,0.47554347826086957,0.475,0.8260869565217391,0.6031746031746031,-0.06867761576257797,0.08967833696527684,0.5144927536231885,0.542728603728826,0.5312093496322632,0.5531914893617021,0.631578947368421,0.5374412536621094,0.5429155230522156,0.6922897002674149,0.6922897200376306,0.7697366944390351,0.6114754858796434,0.24943726478830527,0.5957446808510638,0.6023550724637681,0.5526315789473685,0.9130434782608695,0.6885245901639344,0.26007334984695896,0.06842354225351455,0.5661231884057971,0.5255051365694532,0.5312093496322632,0.6382978723404256,0.6792452830188679,0.5332748889923096,0.5443037152290344
201,0.6906559467315674,0.7200225153231679,0.7200225224944621,0.6935458282698338,0.7476503773375525,0.2631597439917432,0.44680851063829785,0.4483695652173913,0.4444444444444444,0.5217391304347826,0.48,-0.10440190828766627,0.10610231883982395,0.3867753623188406,0.46152479755889597,0.622459352016449,0.5319148936170213,0.08333333333333333,0.4987194538116455,0.4773370027542114,0.6975567874874778,0.6975568044607807,0.6882241517783747,0.7072952246511174,0.2520854913855497,0.5531914893617021,0.5561594202898551,0.5333333333333333,0.6956521739130435,0.6037735849056604,0.11685224553324099,0.035732165296027005,0.5253623188405797,0.5504548211817536,0.5,0.5531914893617021,0.6037735849056604,0.4949636459350586,0.49747511744499207
202,0.6925439238548279,0.7024692220450683,0.7024692287853436,0.77936355310742,0.622231672971003,0.2547144078739579,0.48936170212765956,0.4963768115942029,0.48717948717948717,0.8260869565217391,0.6129032258064516,-0.009638582199437338,0.07593156492456477,0.4927536231884058,0.5397030505726158,0.5926666259765625,0.574468085106383,0.4117647058823529,0.5386927127838135,0.5400577187538147,0.6873845869554429,0.6873845978430574,0.7648506034777748,0.6065505050068307,0.24699690978714098,0.6382978723404256,0.6440217391304348,0.5833333333333334,0.9130434782608695,0.711864406779661,0.3400791390498163,0.13349020671337208,0.5860507246376812,0.5300335047529998,0.5,0.6382978723404256,0.711864406779661,0.5306851267814636,0.5470067262649536
203,0.6882433891296387,0.70490042127603,0.7049004364241401,0.6559527014654859,0.7559763337723006,0.2558346302093255,0.3617021276595745,0.3596014492753623,0.3157894736842105,0.2608695652173913,0.2857142857142857,-0.28602654697182783,0.1628002790694541,0.3840579710144928,0.4495707353490109,0.46879062056541443,0.5106382978723404,0.6349206349206349,0.48053452372550964,0.4702417552471161,0.6894862878349206,0.6894862999762305,0.6684055015206276,0.7114836548864243,0.24816210851497847,0.48936170212765956,0.49184782608695654,0.4827586206896552,0.6086956521739131,0.5384615384615384,-0.016766318775371096,0.02919521674196771,0.5407608695652174,0.5529107786532266,0.5312093496322632,0.574468085106383,0.2857142857142857,0.4870162904262543,0.49188974499702454
204,0.6978036165237427,0.7028206354898843,0.7028206412573061,0.6977820137969534,0.7080783394768048,0.25477803293974827,0.46808510638297873,0.4719202898550725,0.46875,0.6521739130434783,0.5454545454545454,-0.060224268865520264,0.059047645710884264,0.4682971014492754,0.4880889057750759,0.562176525592804,0.5319148936170213,0.26666666666666666,0.5012801885604858,0.49463486671447754,0.6962135511168462,0.6962135561949786,0.7019263456584559,0.6902523845809156,0.2515253234285579,0.5319148936170213,0.5371376811594203,0.5142857142857142,0.782608695652174,0.6206896551724138,0.08515098432270124,0.013330122257800812,0.4827898550724638,0.4775656038783058,0.46879062056541443,0.5319148936170213,0.65625,0.5026408433914185,0.5027451515197754
205,0.7036617994308472,0.6940002895931235,0.6940002969019269,0.623216534901953,0.7678616137714648,0.25045637166866824,0.46808510638297873,0.46376811594202894,0.42857142857142855,0.2608695652173913,0.32432432432432434,-0.07920807608695958,0.06957496861194043,0.5108695652173914,0.49288879557671894,0.43782350420951843,0.5531914893617021,0.6666666666666666,0.46252933144569397,0.4648561179637909,0.6935878881413791,0.6935878965604226,0.6533348780063303,0.7355910463559974,0.2502190672563081,0.5106382978723404,0.509963768115942,0.5,0.4782608695652174,0.4888888888888889,0.019963735237617262,0.024391100761738227,0.5117753623188406,0.5034900344798587,0.562176525592804,0.5319148936170213,0.15384615384615385,0.47798386216163635,0.4810555875301361
206,0.6888636350631714,0.6946396444451569,0.6946396566290132,0.6707663181062803,0.719550966391865,0.2507205093228466,0.48936170212765956,0.49184782608695654,0.4827586206896552,0.6086956521739131,0.5384615384615384,-0.016766318775371096,0.027872285310258257,0.5108695652173915,0.516038108269051,0.5312093496322632,0.5531914893617021,0.2222222222222222,0.48830661177635193,0.48784002661705017,0.7063500196015913,0.7063500308242162,0.7017531100046238,0.7111468177663995,0.25650588443671657,0.44680851063829785,0.45108695652173914,0.45454545454545453,0.6521739130434783,0.5357142857142857,-0.10693090271739543,0.07433846402675547,0.4429347826086957,0.4552454032210072,0.43782350420951843,0.48936170212765956,0.6571428571428571,0.5024717450141907,0.4918689727783203
207,0.7000967860221863,0.7024103373904906,0.7024103371935155,0.8148977014234982,0.5850322179970121,0.25457085520356776,0.48936170212765956,0.5,0.48936170212765956,1.0,0.6571428571428571,0.0,0.07657327487113628,0.519927536231884,0.520171651762771,0.622459352016449,0.5531914893617021,0.27586206896551724,0.5553314089775085,0.5589603185653687,0.7142103089063465,0.7142103115312076,0.8409989659888696,0.5819091068797341,0.2603251663825244,0.48936170212765956,0.5,0.48936170212765956,1.0,0.6571428571428571,0.0,0.07433836764477669,0.45923913043478265,0.4864541513685785,0.622459352016449,0.5319148936170213,0.26666666666666666,0.5668556690216064,0.560407280921936
208,0.7276454567909241,0.6990470870957143,0.6990470856297736,0.7067366683970125,0.6910231731770025,0.25294496621038287,0.44680851063829785,0.45652173913043476,0.4666666666666667,0.9130434782608695,0.6176470588235294,-0.2153527608232662,0.05982147442533615,0.4257246376811594,0.46429232192414427,0.562176525592804,0.5106382978723404,0.08,0.5064918398857117,0.5013464093208313,0.6955126146083598,0.6955126129151536,0.7124298207231652,0.6778598743328812,0.25116688132259507,0.46808510638297873,0.4782608695652174,0.4782608695652174,0.9565217391304348,0.6376811594202898,-0.1506131137016415,0.04184455630627084,0.490036231884058,0.49796216600302995,0.562176525592804,0.5319148936170213,0.15384615384615385,0.5090627074241638,0.5081204771995544
209,0.6812912821769714,0.7067662275180231,0.7067662295220818,0.7268313287993616,0.6858287346240507,0.25680104441386986,0.425531914893617,0.4320652173913043,0.4473684210526316,0.7391304347826086,0.5573770491803278,-0.1726150552081586,0.0995935968896176,0.4003623188405797,0.4844105522826493,0.5926666259765625,0.5531914893617021,0.2222222222222222,0.5155343413352966,0.5053233504295349,0.6968098998640772,0.6968099155208839,0.7286117359226948,0.6636254072755159,0.25186888535956753,0.5106382978723404,0.5172101449275363,0.5,0.8260869565217391,0.6229508196721312,0.043729147319400176,0.05789800907703156,0.5144927536231885,0.5410419150420238,0.622459352016449,0.5531914893617021,0.16,0.5154542326927185,0.5173013806343079
210,0.7027069926261902,0.7032580928621047,0.7032580816770189,0.7601720974751003,0.6438695434529336,0.2549901133821123,0.40425531914893614,0.41304347826086957,0.4418604651162791,0.8260869565217391,0.5757575757575758,-0.31155696942480493,0.13004024802370273,0.4764492753623189,0.5201430685715263,0.562176525592804,0.6170212765957447,0.5,0.5309610366821289,0.5269197225570679,0.7061393425622334,0.7061393441959622,0.7904024064030081,0.6182126705886101,0.2562852668903574,0.5106382978723404,0.519927536231884,0.5,0.9565217391304348,0.6567164179104478,0.0815016078203043,0.05269494462520518,0.49094202898550726,0.47725645039213715,0.5,0.5106382978723404,0.6567164179104478,0.5436590313911438,0.5403846502304077
211,0.7207207679748535,0.7064096329597913,0.7064096270973524,0.7688747989329765,0.6412285782253967,0.2565537244418804,0.44680851063829785,0.45652173913043476,0.4666666666666667,0.9130434782608695,0.6176470588235294,-0.2153527608232662,0.087436447118191,0.4447463768115942,0.49318227255322533,0.562176525592804,0.5531914893617021,0.43243243243243246,0.5348120331764221,0.5282255411148071,0.6996864234293044,0.6996864263560834,0.7813824874597112,0.6144383625957759,0.2532012761271058,0.5106382978723404,0.519927536231884,0.5,0.9565217391304348,0.6567164179104478,0.0815016078203043,0.051977130326818916,0.5117753623188406,0.5040255438512727,0.622459352016449,0.5319148936170213,0.21428571428571427,0.5398569703102112,0.5428851842880249
212,0.7263408303260803,0.7006096148155283,0.7006096200407376,0.7597040941066432,0.6389458210154451,0.2537083439742003,0.46808510638297873,0.47735507246376807,0.4772727272727273,0.9130434782608695,0.6268656716417911,-0.09261546343216398,0.06892097123125766,0.5081521739130435,0.517418996772168,0.5926666259765625,0.5531914893617021,0.2222222222222222,0.5310785174369812,0.5297056436538696,0.6947454570522211,0.694745452086465,0.7758205372212782,0.6101453632501385,0.2505946522504304,0.5106382978723404,0.5208333333333334,0.5,1.0,0.6666666666666666,0.14433756729740643,0.051376261609665894,0.578804347826087,0.5342007026789635,0.562176525592804,0.5957446808510638,0.5128205128205128,0.5371753573417664,0.544455349445343
213,0.6954861283302307,0.7006597199105613,0.7006597310181069,0.7232463988291747,0.6770910341717752,0.25371456792277935,0.5319148936170213,0.5371376811594203,0.5142857142857142,0.782608695652174,0.6206896551724138,0.08515098432270124,0.021870189524711446,0.4809782608695652,0.47633671500999336,0.5,0.5319148936170213,0.6206896551724138,0.5129234790802002,0.5094669461250305,0.7025194788384997,0.7025194853111008,0.7259268610540269,0.6780943975793521,0.25465354405887153,0.5106382978723404,0.5172101449275363,0.5,0.8260869565217391,0.6229508196721312,0.043729147319400176,0.038574867426080905,0.47101449275362317,0.4961119053625992,0.622459352016449,0.5319148936170213,0.08333333333333333,0.5142238736152649,0.5094158053398132
214,0.7123609781265259,0.7014277637280497,0.7014277616920298,0.7709234189474686,0.628910554121137,0.2541546958919293,0.46808510638297873,0.47735507246376807,0.4772727272727273,0.9130434782608695,0.6268656716417911,-0.09261546343216398,0.0714914969941403,0.46739130434782605,0.527986061564588,0.5926666259765625,0.5957446808510638,0.3870967741935484,0.5362112522125244,0.5349466800689697,0.7227855285341007,0.7227855389839879,0.7951431207690435,0.6472819753821912,0.26457319058407397,0.5106382978723404,0.519927536231884,0.5,0.9565217391304348,0.6567164179104478,0.0815016078203043,0.05053448423426202,0.34873188405797095,0.42272587110699966,0.5,0.5106382978723404,0.6567164179104478,0.5463660359382629,0.524330198764801
215,0.7059562802314758,0.6946247720218951,0.6946247709378389,0.7309750427021493,0.6566940525750802,0.2507895335601013,0.46808510638297873,0.47554347826086957,0.475,0.8260869565217391,0.6031746031746031,-0.06867761576257797,0.07968514396789227,0.48007246376811596,0.5221983330678982,0.46879062056541443,0.5319148936170213,0.6764705882352942,0.5168647170066833,0.5201561450958252,0.7063899883875159,0.7063899978588758,0.7505823745262922,0.6602762135102676,0.2565543985922571,0.5531914893617021,0.5606884057971014,0.525,0.9130434782608695,0.6666666666666666,0.17042223170713794,0.03243853437139633,0.41394927536231885,0.4502136752136752,0.5,0.5531914893617021,0.6666666666666666,0.5258573889732361,0.5175666809082031
216,0.6856074333190918,0.694460261606921,0.6944602716023829,0.7286142415356895,0.6588213464545847,0.2506738913319389,0.5106382978723404,0.5172101449275363,0.5,0.8260869565217391,0.6229508196721312,0.043729147319400176,0.043856099564978414,0.5054347826086956,0.5062111801242236,0.622459352016449,0.5319148936170213,0.08333333333333333,0.515533983707428,0.5188409686088562,0.7112130422568441,0.711213051459012,0.7524583681467334,0.6681744601326943,0.2589712768203573,0.5106382978723404,0.5181159420289855,0.5,0.8695652173913043,0.6349206349206349,0.05087230797227998,0.03112576743389698,0.3740942028985507,0.4364690382081687,0.46879062056541443,0.5106382978723404,0.6666666666666666,0.527177631855011,0.5135064125061035
217,0.6841191649436951,0.6997781286321314,0.699778130512538,0.7326883907063736,0.6654369894407093,0.25335824291918374,0.3829787234042553,0.3894927536231884,0.42105263157894735,0.6956521739130435,0.5245901639344263,-0.28078715647193797,0.16346866336274654,0.44112318840579706,0.5202918109096598,0.5926666259765625,0.5531914893617021,0.2222222222222222,0.518125057220459,0.516054093837738,0.7001601020833923,0.7001601170045628,0.7333358756963321,0.6655419340218471,0.25345309061135307,0.5319148936170213,0.5389492753623188,0.5128205128205128,0.8695652173913043,0.6451612903225806,0.10361475864395138,0.02714154060850752,0.4945652173913044,0.47954885077919307,0.5,0.5319148936170213,0.6451612903225806,0.5180749297142029,0.5148633718490601
218,0.6812258362770081,0.7020608280038553,0.7020608401376792,0.768732722153535,0.6324901806428733,0.2544482473520369,0.5319148936170213,0.5407608695652174,0.5116279069767442,0.9565217391304348,0.6666666666666666,0.14604232941787731,0.06039055230769705,0.4284420289855072,0.4984785016129809,0.5,0.5319148936170213,0.6666666666666666,0.5349597930908203,0.5323581695556641,0.6961257072194132,0.69612570448788,0.7873604272694207,0.6009242546288811,0.25155929072978994,0.48936170212765956,0.4990942028985507,0.4888888888888889,0.9565217391304348,0.6470588235294118,-0.004486515850484713,0.06006903978104287,0.5407608695652174,0.538511052109572,0.562176525592804,0.5531914893617021,0.5333333333333333,0.5439934134483337,0.5496768355369568
219,0.7222607731819153,0.7024710178951732,0.7024710209730686,0.7687302078416067,0.6333309998928549,0.2546656465447652,0.48936170212765956,0.49818840579710144,0.4883720930232558,0.9130434782608695,0.6363636363636364,-0.006490770196350104,0.08304563418347784,0.4528985507246377,0.5159623505620651,0.622459352016449,0.5531914893617021,0.16,0.5349399447441101,0.5322962999343872,0.7047993306839435,0.7047993287017057,0.7736063964735861,0.6330006492875697,0.25577470929844276,0.425531914893617,0.43478260869565216,0.45454545454545453,0.8695652173913043,0.5970149253731343,-0.26673253468463226,0.11343167373474607,0.47735507246376807,0.4848249046485973,0.562176525592804,0.5319148936170213,0.42105263157894735,0.5374917387962341,0.532357931137085
220,0.6922592520713806,0.7023920896831701,0.7023921033090861,0.7741030878709115,0.6275632498532686,0.25460695884563816,0.5319148936170213,0.5407608695652174,0.5116279069767442,0.9565217391304348,0.6666666666666666,0.14604232941787731,0.06302087738158856,0.4483695652173913,0.4986133683548478,0.5,0.5319148936170213,0.6666666666666666,0.537530243396759,0.5350509881973267,0.6973309079795905,0.6973309106164115,0.7873598016011094,0.6033877200236836,0.2521508427669487,0.46808510638297873,0.4782608695652174,0.4782608695652174,0.9565217391304348,0.6376811594202898,-0.1506131137016415,0.07935356649946658,0.5244565217391305,0.5280818887503519,0.5926666259765625,0.5319148936170213,0.21428571428571427,0.5439832806587219,0.5483303666114807
221,0.7176185846328735,0.6940646683544178,0.6940646755846591,0.7850064504920256,0.5991689104639292,0.25054834315592184,0.48936170212765956,0.4990942028985507,0.4888888888888889,0.9565217391304348,0.6470588235294118,-0.004486515850484713,0.09488042047683228,0.5498188405797102,0.6099332289665313,0.5926666259765625,0.6382978723404256,0.48484848484848486,0.5427318215370178,0.551084578037262,0.7048907299661843,0.7048907429279567,0.8100312465863224,0.5951789130235753,0.2557728372778686,0.5319148936170213,0.5416666666666666,0.5111111111111111,1.0,0.6764705882352942,0.2063797291222968,0.06332378247950939,0.4438405797101449,0.48814567075436643,0.5,0.5319148936170213,0.6764705882352942,0.552876889705658,0.5524857640266418
222,0.6907618641853333,0.6835258954588437,0.6835258998914138,0.7178754074434869,0.6476829354892503,0.2452683485052227,0.5106382978723404,0.5163043478260869,0.5,0.782608695652174,0.6101694915254238,0.038499525175450904,0.04446927220263379,0.5769927536231885,0.586238799028421,0.562176525592804,0.574468085106383,0.47368421052631576,0.5103428959846497,0.5255107879638672,0.6960452342371852,0.6960452480346037,0.7333309245316914,0.6571384551680775,0.2513721221409403,0.5531914893617021,0.5606884057971014,0.525,0.9130434782608695,0.6666666666666666,0.17042223170713794,0.05188170582690137,0.5317028985507246,0.5041473943879123,0.5,0.5531914893617021,0.6666666666666666,0.5180559158325195,0.5189653635025024
223,0.7221707105636597,0.69865788085499,0.6986578814244807,0.7750627540128375,0.6189310578540217,0.2528233691624627,0.48936170212765956,0.49728260869565216,0.4878048780487805,0.8695652173913043,0.625,-0.008141120112822952,0.11314906275018732,0.509963768115942,0.5683825343197367,0.622459352016449,0.5957446808510638,0.3448275862068966,0.537411630153656,0.5414430499076843,0.700960646327161,0.7009606534865693,0.7827958095402909,0.6155674471696425,0.25387521530426693,0.48936170212765956,0.4990942028985507,0.4888888888888889,0.9565217391304348,0.6470588235294118,-0.004486515850484713,0.054803384111282674,0.49456521739130427,0.505403579871665,0.6513548493385315,0.5319148936170213,0.08333333333333333,0.5413225293159485,0.5417034029960632
224,0.6982299089431763,0.6952378754987912,0.6952378759418649,0.763359231875112,0.6241547219245639,0.2510609553358874,0.48936170212765956,0.49728260869565216,0.4878048780487805,0.8695652173913043,0.625,-0.008141120112822952,0.08699881206167505,0.5371376811594204,0.5696651798195576,0.562176525592804,0.574468085106383,0.5652173913043478,0.5323188900947571,0.5376819372177124,0.6946127471249134,0.6946127465751999,0.7872046127625278,0.5979951470753797,0.25078772577693176,0.48936170212765956,0.5,0.48936170212765956,1.0,0.6571428571428571,0.0,0.07422226160130603,0.5615942028985508,0.5761297838078596,0.5926666259765625,0.5957446808510638,0.3870967741935484,0.5440221428871155,0.5511665940284729
225,0.7346832156181335,0.6945769177554819,0.6945769253677699,0.760189542740166,0.6261115855009216,0.25075184607675294,0.48936170212765956,0.49728260869565216,0.4878048780487805,0.8695652173913043,0.625,-0.008141120112822952,0.06831278192236069,0.5253623188405797,0.5516613992001439,0.5926666259765625,0.574468085106383,0.3333333333333333,0.5310586094856262,0.5363348722457886,0.6936234045175099,0.6936234028020811,0.7785019113046516,0.6050545243646168,0.25028995270827936,0.48936170212765956,0.5,0.48936170212765956,1.0,0.6571428571428571,0.0,0.05423855781555176,0.5597826086956521,0.5900249238844741,0.5926666259765625,0.6170212765957447,0.4,0.5401711463928223,0.5471784472465515
226,0.7414031624794006,0.7002732647605663,0.7002732652001923,0.7516463556172006,0.6466665621563571,0.25359028440205733,0.46808510638297873,0.47644927536231885,0.47619047619047616,0.8695652173913043,0.6153846153846154,-0.07636496582544282,0.0809877857248834,0.46195652173913043,0.5208691247081626,0.5926666259765625,0.5531914893617021,0.27586206896551724,0.527177631855011,0.5255212187767029,0.7088340176961279,0.7088340207528173,0.7794653547338116,0.6351317592074325,0.25776459949185176,0.46808510638297873,0.4782608695652174,0.4782608695652174,0.9565217391304348,0.6376811594202898,-0.1506131137016415,0.06889575593014981,0.43659420289855067,0.46806421266462284,0.5926666259765625,0.5106382978723404,0.14814814814814814,0.5400720238685608,0.5310415625572205
227,0.6916797161102295,0.689881292309676,0.6898812995488169,0.7437550410205457,0.633665221491361,0.24844230991706093,0.5106382978723404,0.5190217391304348,0.5,0.9130434782608695,0.6461538461538462,0.061679395474396125,0.07046001325262354,0.529891304347826,0.5662207357859531,0.5926666259765625,0.574468085106383,0.2857142857142857,0.5233164429664612,0.5322548151016235,0.6977357870781827,0.6977358033678197,0.7649770534435771,0.6275710206800733,0.2522546939118237,0.5531914893617021,0.5606884057971014,0.525,0.9130434782608695,0.6666666666666666,0.17042223170713794,0.044314307735321364,0.4882246376811594,0.5096880907372401,0.5,0.5531914893617021,0.6666666666666666,0.5323195457458496,0.5350915193557739
228,0.6948011517524719,0.6826433845101997,0.6826433971955724,0.7304902361454677,0.6327162609000297,0.24477256757946858,0.5319148936170213,0.5398550724637681,0.5121951219512195,0.9130434782608695,0.65625,0.11940309498806996,0.09433697988378241,0.6313405797101449,0.6271011902225097,0.5312093496322632,0.6595744680851063,0.68,0.5168145298957825,0.5337045788764954,0.695157665375828,0.6951576789812822,0.7697036310592636,0.6173705985520845,0.25098959326402226,0.574468085106383,0.5833333333333334,0.5348837209302325,1.0,0.696969696969697,0.29857542903210477,0.06431819403425176,0.5072463768115942,0.5125071437991823,0.5,0.574468085106383,0.696969696969697,0.5348995327949524,0.5404471158981323
229,0.7163131237030029,0.6829495902690386,0.6829495905315004,0.7377346991300721,0.6257825206895127,0.2449477500289774,0.48936170212765956,0.49818840579710144,0.4883720930232558,0.9130434782608695,0.6363636363636364,-0.006490770196350104,0.045667690165499424,0.6313405797101449,0.6050016779289005,0.5312093496322632,0.6170212765957447,0.64,0.5207157135009766,0.5364171862602234,0.7064245751141803,0.7064245820262197,0.7772646858609774,0.6325044736769078,0.25651685942173086,0.46808510638297873,0.47735507246376807,0.4772727272727273,0.9130434782608695,0.6268656716417911,-0.09261546343216398,0.07288492930696365,0.4701086956521739,0.4867609101984447,0.5312093496322632,0.5319148936170213,0.5925925925925926,0.5387416481971741,0.5324609875679016
230,0.7053098082542419,0.7575595195851613,0.7575595044807579,0.38068175158887413,1.1508232466288109,0.2794548407785588,0.5106382978723404,0.5,0.0,0.0,0.0,0.0,0.17226021150325205,0.5153985507246377,0.5696710259805433,0.3775406777858734,0.5957446808510638,0.2962962962962963,0.3159556984901428,0.3182971179485321,0.7525925853289407,0.7525925705340706,0.40340541939059293,1.116961771727265,0.2775871066157996,0.5106382978723404,0.5,0.0,0.0,0.0,0.0,0.19417303293309315,0.49275362318840576,0.4886822209952966,0.29421496391296387,0.5106382978723404,0.6567164179104478,0.33096155524253845,0.3287009298801422
231,0.6798035502433777,0.7022769991499298,0.7022770084452312,0.7566964336185364,0.6454915213078697,0.25456823510423854,0.46808510638297873,0.47735507246376807,0.4772727272727273,0.9130434782608695,0.6268656716417911,-0.09261546343216398,0.06365999072156053,0.4556159420289854,0.5290612486495928,0.5926666259765625,0.574468085106383,0.23076923076923078,0.5298080444335938,0.5256246328353882,0.7115284725744903,0.7115284866093777,0.79434854579498,0.625107555285271,0.2590703233002394,0.48936170212765956,0.49818840579710144,0.4883720930232558,0.9130434782608695,0.6363636363636364,-0.006490770196350104,0.057518290712478305,0.4221014492753623,0.44912293768915607,0.46879062056541443,0.48936170212765956,0.6571428571428571,0.5464837551116943,0.5364379286766052
232,0.7242482900619507,0.7052295344609973,0.7052295444661673,0.8490933776001771,0.5551107620654617,0.25576388225483065,0.5319148936170213,0.5416666666666666,0.5111111111111111,1.0,0.6764705882352942,0.2063797291222968,0.09246797574327348,0.5027173913043479,0.5071020544166325,0.5312093496322632,0.5957446808510638,0.7076923076923077,0.5691710710525513,0.5750598311424255,0.7245606879953613,0.724560690478932,0.8958936470944563,0.545778474880124,0.26514727522987436,0.48936170212765956,0.5,0.48936170212765956,1.0,0.6571428571428571,0.0,0.09570260884913992,0.42481884057971014,0.4527147228349818,0.5312093496322632,0.5106382978723404,0.6567164179104478,0.5894964337348938,0.5804396271705627
233,0.7060950398445129,0.698197938130133,0.6981979437779293,0.8013148935591444,0.5905976483540527,0.2523837501910266,0.5106382978723404,0.5208333333333334,0.5,1.0,0.6666666666666666,0.14433756729740643,0.06259301685272378,0.5461956521739131,0.5012652403956751,0.5312093496322632,0.574468085106383,0.6551724137931034,0.5488677024841309,0.5551758408546448,0.7071540708085848,0.7071540849751605,0.8446490043958369,0.563681125579672,0.2568738132378057,0.48936170212765956,0.5,0.48936170212765956,1.0,0.6571428571428571,0.0,0.08009332291623379,0.5117753623188406,0.5166896657232116,0.5312093496322632,0.5319148936170213,0.6451612903225806,0.5680561065673828,0.5709147453308105
234,0.6856868267059326,0.6908072150941921,0.6908072229552394,0.7217850280852597,0.6584825567326099,0.2488446878379678,0.5106382978723404,0.5181159420289855,0.5,0.8695652173913043,0.6349206349206349,0.05087230797227998,0.042528290697868835,0.546195652173913,0.5324288210504676,0.5312093496322632,0.5531914893617021,0.4878048780487805,0.5129234790802002,0.5188514590263367,0.6910085237962571,0.6910085317004485,0.7390334155588367,0.6408956094134348,0.2489723729070208,0.5319148936170213,0.5398550724637681,0.5121951219512195,0.9130434782608695,0.65625,0.11940309498806996,0.051114573123607225,0.5253623188405797,0.5390715211499941,0.5926666259765625,0.5531914893617021,0.2222222222222222,0.5207157135009766,0.5282663702964783
235,0.6915346384048462,0.6930578815819195,0.693057887432224,0.6850026411468683,0.7014633618169427,0.24995802480610813,0.48936170212765956,0.49275362318840576,0.4838709677419355,0.6521739130434783,0.5555555555555556,-0.015289018630918963,0.03713776012684436,0.519927536231884,0.5218547857688555,0.5312093496322632,0.5531914893617021,0.43243243243243246,0.4948384761810303,0.4973072111606598,0.697248830113849,0.6972488352898837,0.7059980036460013,0.6881192683095874,0.252056699652835,0.5106382978723404,0.5163043478260869,0.5,0.782608695652174,0.6101694915254238,0.038499525175450904,0.03127589314541918,0.4836956521739131,0.5106032573655145,0.622459352016449,0.5319148936170213,0.08333333333333333,0.5051513910293579,0.5039674043655396
236,0.6821077466011047,0.6874369300492583,0.6874369337445249,0.7227490894731344,0.6505894668972803,0.24710586109855207,0.5531914893617021,0.5615942028985508,0.5238095238095238,0.9565217391304348,0.676923076923077,0.19972375677423507,0.052607126375462145,0.5969202898550725,0.5454784046146819,0.5312093496322632,0.574468085106383,0.5238095238095238,0.5128546357154846,0.5229525566101074,0.6939632076016721,0.6939632043760718,0.7451443230321585,0.6405568196914602,0.25046868368936465,0.48936170212765956,0.4990942028985507,0.4888888888888889,0.9565217391304348,0.6470588235294118,-0.004486515850484713,0.055788440907255134,0.49094202898550715,0.5513600388716022,0.5926666259765625,0.574468085106383,0.23076923076923078,0.5246569514274597,0.5282769203186035
237,0.6852102875709534,0.7666466195528189,0.7666466146087016,0.37021195169483145,1.18031756721448,0.28352201054121573,0.5106382978723404,0.5,0.0,0.0,0.0,0.0,0.19806403999632977,0.526268115942029,0.5023293803891479,0.29421496391296387,0.5319148936170213,0.6451612903225806,0.3084176480770111,0.30885371565818787,0.7655502803304222,0.76555027191883,0.3794326825009547,1.1684555826157437,0.28297281730632146,0.5106382978723404,0.5,0.0,0.0,0.0,0.0,0.17553508598753748,0.4375,0.5092198581560283,0.3486451208591461,0.5531914893617021,0.36363636363636365,0.3154812157154083,0.31209996342658997
238,0.7143840789794922,0.6971750897611809,0.6971750962287631,0.7981931833379144,0.5917649183757356,0.2518226351755367,0.574468085106383,0.5833333333333334,0.5348837209302325,1.0,0.696969696969697,0.29857542903210477,0.061109588501301215,0.5443840579710145,0.5116001011122345,0.5,0.574468085106383,0.696969696969697,0.5461007952690125,0.5550318956375122,0.7192487069893039,0.719248723804127,0.8571628179646186,0.5753383646801358,0.26276484395630084,0.5319148936170213,0.5416666666666666,0.5111111111111111,1.0,0.6764705882352942,0.2063797291222968,0.0794394130402423,0.4302536231884058,0.4637726692547108,0.5,0.5319148936170213,0.6764705882352942,0.5731194019317627,0.5642951726913452
239,0.7349112033843994,0.7058131760044851,0.7058131901911664,0.8193603082786899,0.5873292408824462,0.2561761145009195,0.5106382978723404,0.519927536231884,0.5,0.9565217391304348,0.6567164179104478,0.0815016078203043,0.06769915527485787,0.4963768115942029,0.503807651645302,0.5312093496322632,0.5531914893617021,0.6440677966101694,0.5565009713172913,0.5576450824737549,0.7274260599929139,0.7274260714673603,0.8796142842997131,0.5686209798162095,0.2668193675653737,0.46808510638297873,0.4782608695652174,0.4782608695652174,0.9565217391304348,0.6376811594202898,-0.1506131137016415,0.1092504954084437,0.40126811594202894,0.4619092183820064,0.6513548493385315,0.5319148936170213,0.08333333333333333,0.5834109783172607,0.5682823061943054
240,0.7554941177368164,0.6943724385545832,0.6943724397990775,0.7195843428038956,0.6680643670983978,0.2506788903090978,0.425531914893617,0.4320652173913043,0.4473684210526316,0.7391304347826086,0.5573770491803278,-0.1726150552081586,0.13563838601112366,0.4809782608695652,0.5300025425883549,0.622459352016449,0.5531914893617021,0.16,0.5116732716560364,0.514698326587677,0.7001613839943522,0.7001613899454995,0.737737205732404,0.6609518430374252,0.25351698721188065,0.44680851063829785,0.45471014492753625,0.4634146341463415,0.8260869565217391,0.59375,-0.13568533521371587,0.08165739254748568,0.4519927536231884,0.5093761046306116,0.5926666259765625,0.5531914893617021,0.16,0.5207557678222656,0.517535388469696
241,0.6824797987937927,0.7101720356850068,0.7101720395722362,0.794977952141965,0.6216789134125191,0.25839043320869753,0.44680851063829785,0.45652173913043476,0.4666666666666667,0.9130434782608695,0.6176470588235294,-0.2153527608232662,0.09856729621582844,0.45289855072463775,0.4725738954231092,0.622459352016449,0.5106382978723404,0.20689655172413793,0.546346127986908,0.5389357805252075,0.7098184039338452,0.709818418836197,0.8175941987305867,0.5973567354681384,0.25824332403878447,0.46808510638297873,0.4782608695652174,0.4782608695652174,0.9565217391304348,0.6376811594202898,-0.1506131137016415,0.08909201875646064,0.463768115942029,0.5065083167987081,0.5312093496322632,0.5319148936170213,0.6333333333333333,0.5566688179969788,0.5523010492324829
242,0.6874303221702576,0.7163730596039671,0.7163730674168501,0.7610456086993199,0.6697582417307948,0.26142942822022713,0.48936170212765956,0.4945652173913043,0.4857142857142857,0.7391304347826086,0.5862068965517241,-0.01246111965698067,0.05673855162681417,0.42844202898550726,0.45385266019692677,0.4073334038257599,0.48936170212765956,0.6571428571428571,0.5295113921165466,0.5147286653518677,0.710993707357855,0.7109937104549833,0.7763409780747058,0.6428052572865773,0.2588078054802116,0.46808510638297873,0.4746376811594203,0.47368421052631576,0.782608695652174,0.5901639344262295,-0.06444295394437921,0.08254276691599095,0.46739130434782605,0.4813936698613913,0.5926666259765625,0.5319148936170213,0.3125,0.5372645258903503,0.5294178128242493
243,0.693589985370636,0.7190907892780154,0.7190907948868107,0.8658353466018843,0.5659660452710817,0.2626185466081108,0.46808510638297873,0.4782608695652174,0.4782608695652174,0.9565217391304348,0.6376811594202898,-0.1506131137016415,0.10653620641282265,0.45108695652173914,0.4847084713304539,0.6791787147521973,0.5319148936170213,0.08333333333333333,0.5768470764160156,0.5695849061012268,0.7232407745152034,0.7232407855121987,0.88481483726975,0.5546417749825799,0.2648121295698151,0.46808510638297873,0.4782608695652174,0.4782608695652174,0.9565217391304348,0.6376811594202898,-0.1506131137016415,0.11443196268791848,0.4365942028985507,0.49008566946868837,0.6791787147521973,0.5319148936170213,0.08333333333333333,0.586004912853241,0.5761637687683105
244,0.7048041820526123,0.7181466467039884,0.7181466458231686,0.8712093927989993,0.5584289968049101,0.26215157761328356,0.46808510638297873,0.4782608695652174,0.4782608695652174,0.9565217391304348,0.6376811594202898,-0.1506131137016415,0.10987730292563744,0.47192028985507245,0.4673669892830895,0.562176525592804,0.5319148936170213,0.6206896551724138,0.5794570446014404,0.5736889839172363,0.7314890978372516,0.7314891002459473,0.9015826337598235,0.5540001957097285,0.26860023301839614,0.46808510638297873,0.4782608695652174,0.4782608695652174,0.9565217391304348,0.6376811594202898,-0.1506131137016415,0.11759494657212115,0.4021739130434782,0.437702686096337,0.46879062056541443,0.48936170212765956,0.6571428571428571,0.5920589566230774,0.5763099789619446
245,0.710636556148529,0.702339137061857,0.702339141484824,0.7221718112921209,0.6816441816859057,0.25457036590497184,0.44680851063829785,0.4501811594202899,0.45161290322580644,0.6086956521739131,0.5185185185185185,-0.10511200308756787,0.09804422043739482,0.4809782608695652,0.5067892679924236,0.5926666259765625,0.5531914893617021,0.27586206896551724,0.5115741491317749,0.5093114972114563,0.706539626379228,0.7065396338439803,0.7434974248872614,0.6679749823205566,0.2566569223698216,0.46808510638297873,0.47282608695652173,0.47058823529411764,0.6956521739130435,0.5614035087719298,-0.06073521611462547,0.09616796830867201,0.4710144927536232,0.5004076287833731,0.622459352016449,0.5319148936170213,0.08333333333333333,0.5219659805297852,0.5161169171333313
246,0.6920447945594788,0.715001782813496,0.7150017914255307,0.6553760412431872,0.7772199655288452,0.26069423433102307,0.46808510638297873,0.46557971014492755,0.4444444444444444,0.34782608695652173,0.3902439024390244,-0.07079112371823351,0.10435051233210464,0.39855072463768115,0.48482823625676796,0.562176525592804,0.5319148936170213,0.15384615384615385,0.47928428649902344,0.4637780785560608,0.7219436223372352,0.7219436395723355,0.6816418408867424,0.7639976903746933,0.2641682314004957,0.46808510638297873,0.46648550724637683,0.45,0.391304347826087,0.4186046511627907,-0.0677696597656781,0.08334245833944767,0.401268115942029,0.4307122687239803,0.3775406777858734,0.48936170212765956,0.6571428571428571,0.4909963607788086,0.46920546889305115
247,0.7012293934822083,0.766024676934603,0.7660246645529053,0.36673209218050257,1.1826777835501954,0.2828638751627585,0.5106382978723404,0.5,0.0,0.0,0.0,0.0,0.18172951708448692,0.5108695652173912,0.5116152171479815,0.2689414322376251,0.5319148936170213,0.65625,0.30566248297691345,0.3096875250339508,0.7767004170595978,0.7767003970191549,0.3845182355456447,1.1859339568176004,0.28747008555580267,0.5106382978723404,0.5,0.0,0.0,0.0,0.0,0.1934383188156371,0.43568840579710144,0.46505085350621544,0.24508501589298248,0.5106382978723404,0.6666666666666666,0.3178812563419342,0.3084311783313751
248,0.7060816287994385,0.7060512358055353,0.7060512442024823,0.7769780871930193,0.6320406254297481,0.25628401416873514,0.5106382978723404,0.5181159420289855,0.5,0.8695652173913043,0.6349206349206349,0.05087230797227998,0.046035262498449775,0.48369565217391297,0.4825093363483743,0.5,0.5106382978723404,0.6349206349206349,0.5371870398521423,0.5335291028022766,0.7206444655456115,0.7206444682507667,0.8362649315955477,0.5999970282388215,0.2634614864352589,0.44680851063829785,0.4556159420289855,0.46511627906976744,0.8695652173913043,0.6060606060606061,-0.15902386981057753,0.11621450807185882,0.42663043478260865,0.4651747621381681,0.562176525592804,0.5106382978723404,0.5660377358490566,0.5641768574714661,0.5509635806083679
249,0.6916891932487488,0.7265545921674619,0.7265545920522624,0.4504578436267113,1.0146555469310983,0.2658342185776495,0.5106382978723404,0.5,0.0,0.0,0.0,0.0,0.12645214479020303,0.5280797101449275,0.5414150907557099,0.4073334038257599,0.574468085106383,0.4444444444444444,0.3614634573459625,0.36441856622695923,0.7380704874168177,0.7380704848415112,0.4797610811200368,1.0076107322030494,0.2713282764436343,0.5106382978723404,0.5,0.0,0.0,0.0,0.0,0.20436358261615672,0.3894927536231884,0.4653669186073822,0.3486451208591461,0.5319148936170213,0.6451612903225806,0.37971124053001404,0.36682751774787903
250,0.688161313533783,0.7405273342987939,0.7405273244897254,0.4654568878643592,1.0275573453161946,0.27243228705855943,0.5106382978723404,0.5,0.0,0.0,0.0,0.0,0.1897533396457104,0.41304347826086957,0.44545892244417,0.29421496391296387,0.48936170212765956,0.6571428571428571,0.37102270126342773,0.35914528369903564,0.7463458619163544,0.7463458553806085,0.4990116267849185,1.0044337460891548,0.275083678301853,0.5106382978723404,0.5,0.0,0.0,0.0,0.0,0.19908844029649775,0.3278985507246377,0.4068977237686766,0.29421496391296387,0.48936170212765956,0.6571428571428571,0.3917647898197174,0.3682178854942322
251,0.7376811504364014,0.7198344209585884,0.7198344293365865,0.8416402407679683,0.5927327130603618,0.262981854471515,0.46808510638297873,0.4782608695652174,0.4782608695652174,0.9565217391304348,0.6376811594202898,-0.1506131137016415,0.09372393279633623,0.40307971014492755,0.441195043711333,0.5312093496322632,0.5319148936170213,0.6451612903225806,0.566786527633667,0.553901195526123,0.7290343152365704,0.7290343245956241,0.8837253351880886,0.5676176178904435,0.2674402769311941,0.46808510638297873,0.4782608695652174,0.4782608695652174,0.9565217391304348,0.6376811594202898,-0.1506131137016415,0.1158168740729068,0.3804347826086957,0.43380622637450045,0.5312093496322632,0.5106382978723404,0.6461538461538462,0.5844977498054504,0.5683959722518921
252,0.7231864929199219,0.7080397522560625,0.7080397603059635,0.838839365483849,0.5715532157725179,0.25707553749675294,0.574468085106383,0.5833333333333334,0.5348837209302325,1.0,0.696969696969697,0.29857542903210477,0.16787479722753484,0.47826086956521735,0.46971303402573694,0.5,0.574468085106383,0.696969696969697,0.5639896988868713,0.5658442974090576,0.72440233203073,0.7244023291441374,0.8973152525904934,0.5439714525044612,0.26496695811989757,0.48936170212765956,0.5,0.48936170212765956,1.0,0.6571428571428571,0.0,0.14055857886659337,0.43025362318840576,0.4594783546387812,0.562176525592804,0.5957446808510638,0.6885245901639344,0.589275062084198,0.5816757678985596
253,0.7056929469108582,0.7221816813932934,0.7221816896716278,0.8819660950013457,0.5554501362840958,0.26394110056691206,0.5106382978723404,0.5208333333333334,0.5,1.0,0.6666666666666666,0.14433756729740643,0.08974795075173073,0.42934782608695654,0.45239435593328414,0.5312093496322632,0.5319148936170213,0.6666666666666666,0.5830115675926208,0.5750381350517273,0.74142197390638,0.7414219776052203,0.9301874217825669,0.5444493402027716,0.2732134879277981,0.48936170212765956,0.5,0.48936170212765956,1.0,0.6571428571428571,0.0,0.16613837949773097,0.37047101449275366,0.4459669022875393,0.562176525592804,0.5106382978723404,0.6349206349206349,0.6031261682510376,0.5815476775169373
254,0.7092609405517578,0.7501524672861429,0.7501524555524489,0.43279700696217044,1.081305967124914,0.2766304219330376,0.5106382978723404,0.5,0.0,0.0,0.0,0.0,0.1800846609663456,0.42663043478260865,0.44316303881521274,0.29421496391296387,0.5319148936170213,0.6764705882352942,0.34992337226867676,0.340892493724823,0.7485743983217958,0.7485743973068578,0.46417899645935506,1.0453348155825133,0.27612357734181187,0.5106382978723404,0.5,0.0,0.0,0.0,0.0,0.15207143857124006,0.38405797101449274,0.4396754177240655,0.29421496391296387,0.48936170212765956,0.6571428571428571,0.36995700001716614,0.3529958426952362
255,0.729655385017395,0.7243955248893621,0.7243955375052195,0.856387700432518,0.5866645848854296,0.2651064559916625,0.5319148936170213,0.5416666666666666,0.5111111111111111,1.0,0.6764705882352942,0.2063797291222968,0.1465911605256669,0.39492753623188404,0.43476535541752936,0.5,0.5319148936170213,0.6764705882352942,0.5715956091880798,0.5577265024185181,0.7083271877035311,0.7083271962893665,0.8652166605230697,0.5446164510020245,0.2571890477132652,0.5319148936170213,0.5416666666666666,0.5111111111111111,1.0,0.6764705882352942,0.2063797291222968,0.0889837995488593,0.5126811594202898,0.5097919580330019,0.5312093496322632,0.574468085106383,0.6875,0.5752967000007629,0.5815268754959106
256,0.7019405961036682,0.7739959868299899,0.773995972430129,0.42170661641379015,1.141602256968918,0.286683974488426,0.5106382978723404,0.5,0.0,0.0,0.0,0.0,0.17698715215033672,0.3813405797101449,0.4286155380904607,0.24508501589298248,0.48936170212765956,0.6571428571428571,0.34222105145454407,0.3224904537200928,0.7409124356010235,0.7409124314793544,0.4196241499831526,1.0761697686927825,0.2725109102213893,0.5106382978723404,0.5,0.0,0.0,0.0,0.0,0.14750716534066707,0.5244565217391304,0.5008482523444161,0.3486451208591461,0.574468085106383,0.5833333333333334,0.3397892415523529,0.3440096378326416
257,0.6999037861824036,0.7473516658208021,0.7473516608382487,0.44267388094767296,1.065276300724067,0.2753840048661912,0.5106382978723404,0.5,0.0,0.0,0.0,0.0,0.1382288691845346,0.42934782608695654,0.4602365597788939,0.29421496391296387,0.5531914893617021,0.6865671641791045,0.3554670810699463,0.34747639298439026,0.7429315369382069,0.7429315394582653,0.4712346243476719,1.0264413639214935,0.273326514108804,0.5106382978723404,0.5,0.0,0.0,0.0,0.0,0.12176045838822709,0.43297101449275355,0.4532819613386118,0.3486451208591461,0.5106382978723404,0.5964912280701754,0.37388765811920166,0.36104151606559753
258,0.7143211364746094,0.7477098686611654,0.7477098683160317,1.0447934959008043,0.4377095612710513,0.27560702758774686,0.48936170212765956,0.5,0.48936170212765956,1.0,0.6571428571428571,0.0,0.156651293977778,0.4746376811594203,0.49179189953962454,0.5926666259765625,0.5319148936170213,0.6666666666666666,0.6453783512115479,0.6466752290725708,0.7654314935949343,0.765431503133029,1.087665790243182,0.42918702962678207,0.2836148010413753,0.48936170212765956,0.5,0.48936170212765956,1.0,0.6571428571428571,0.0,0.16712167288394686,0.427536231884058,0.4433066407212349,0.5926666259765625,0.48936170212765956,0.6571428571428571,0.6609123945236206,0.6518617868423462
259,0.7142439484596252,0.7505206969635523,0.7505206843653532,0.4394957690739763,1.0750684220607034,0.27610549603974477,0.5106382978723404,0.5,0.0,0.0,0.0,0.0,0.14116688675068795,0.4429347826086957,0.5034811592968059,0.43782350420951843,0.5531914893617021,0.2222222222222222,0.35383573174476624,0.3458676040172577,0.7553195279380513,0.7553195194185115,0.4839870173652924,1.038449086778393,0.2787630986316359,0.5106382978723404,0.5,0.0,0.0,0.0,0.0,0.12143400248060834,0.39492753623188404,0.4412088391759973,0.2689414322376251,0.48936170212765956,0.6571428571428571,0.38138076663017273,0.3578607439994812
260,0.715214729309082,0.7074514067584518,0.7074514108395175,0.8698029105266772,0.5380411502963941,0.25689802193022077,0.5106382978723404,0.5208333333333334,0.5,1.0,0.6666666666666666,0.14433756729740643,0.09227882040307878,0.5181159420289855,0.5177171916302351,0.5312093496322632,0.5531914893617021,0.676923076923077,0.5780201554298401,0.5854182839393616,0.7206027103684313,0.720602717702768,0.8876587979262456,0.5462833296434868,0.26330718009866394,0.46808510638297873,0.4782608695652174,0.4782608695652174,0.9565217391304348,0.6376811594202898,-0.1506131137016415,0.1167345497202366,0.4818840579710145,0.48085591581549425,0.5312093496322632,0.5106382978723404,0.6461538461538462,0.5855605602264404,0.581332802772522
261,0.7132191061973572,0.7082416667878424,0.7082416807895041,0.8555862933597934,0.5544907807161589,0.2572793792002497,0.5319148936170213,0.5407608695652174,0.5116279069767442,0.9565217391304348,0.6666666666666666,0.14604232941787731,0.0845319964784257,0.5054347826086957,0.49166324201605915,0.5312093496322632,0.5531914893617021,0.6666666666666666,0.5716644525527954,0.576219916343689,0.7314642038937703,0.7314642178112437,0.8879855816383447,0.5681375772960078,0.26859520475915766,0.48936170212765956,0.4990942028985507,0.4888888888888889,0.9565217391304348,0.6470588235294118,-0.004486515850484713,0.10352287076889201,0.40398550724637683,0.447018174427436,0.5312093496322632,0.5106382978723404,0.6461538461538462,0.5855607390403748,0.5694437623023987
262,0.7174519896507263,0.7137754468065326,0.7137754614648247,0.8604631609781888,0.5607100358856624,0.2599840635017187,0.5319148936170213,0.5416666666666666,0.5111111111111111,1.0,0.6764705882352942,0.2063797291222968,0.08395136100180606,0.46467391304347827,0.4874458874458874,0.5,0.5319148936170213,0.6764705882352942,0.5742796063423157,0.5723044872283936,0.7179852207959987,0.71798522474498,0.8743832475947305,0.5547872878582841,0.2620207152012589,0.48936170212765956,0.5,0.48936170212765956,1.0,0.6571428571428571,0.0,0.08862525478322454,0.4492753623188406,0.4680226810661593,0.5312093496322632,0.5319148936170213,0.6764705882352942,0.5807256698608398,0.5751291513442993
263,0.7231362462043762,0.770221724421919,0.770221713993053,0.4145359044195948,1.141372123982749,0.284946607997916,0.5106382978723404,0.5,0.0,0.0,0.0,0.0,0.18593456263237812,0.40942028985507245,0.4423166995387152,0.3208213150501251,0.5319148936170213,0.6071428571428571,0.33759579062461853,0.32249751687049866,0.7596091610828203,0.7596091460913202,0.42172708566660017,1.112181730882333,0.27976885587032035,0.5106382978723404,0.5,0.0,0.0,0.0,0.0,0.15107989438036654,0.43931159420289845,0.49203797883035716,0.4073334038257599,0.5531914893617021,0.3225806451612903,0.3421781063079834,0.33421608805656433
264,0.6900202631950378,0.7393456259757565,0.739345630288433,0.9696643424855041,0.4990130610393148,0.27221672295386473,0.46808510638297873,0.4782608695652174,0.4782608695652174,0.9565217391304348,0.6376811594202898,-0.1506131137016415,0.17130829932841846,0.4755434782608695,0.5228835372936853,0.5926666259765625,0.5531914893617021,0.6440677966101694,0.6176024675369263,0.6104477047920227,0.7371038382438443,0.7371038322531751,0.9844335006120559,0.4790207000526031,0.2709550595650751,0.48936170212765956,0.5,0.48936170212765956,1.0,0.6571428571428571,0.0,0.13307348781443656,0.5054347826086957,0.5353395568561398,0.6791787147521973,0.5957446808510638,0.45714285714285713,0.6220516562461853,0.6228354573249817
265,0.7392302751541138,0.7381281297404456,0.7381281405543455,1.0492824083036945,0.4134454263811121,0.2714177229588118,0.48936170212765956,0.5,0.48936170212765956,1.0,0.6571428571428571,0.0,0.1654164176037971,0.5742753623188406,0.5687003275010718,0.622459352016449,0.5957446808510638,0.6779661016949152,0.6462119221687317,0.6637167930603027,0.7539663956650764,0.7539664021194132,1.0819385308591662,0.41173461560836694,0.278578266281218,0.48936170212765956,0.5,0.48936170212765956,1.0,0.6571428571428571,0.0,0.17188245184878087,0.5389492753623188,0.5395428039304032,0.6791787147521973,0.5319148936170213,0.5416666666666666,0.6582786440849304,0.6643385887145996
266,0.7549091577529907,0.6852103953331556,0.6852104002119996,0.5312828802882494,0.8458304210019997,0.24588020344522135,0.5957446808510638,0.5887681159420289,0.75,0.2608695652173913,0.3870967741935484,0.23614526388621476,0.06726792835174722,0.5887681159420289,0.6184420733144513,0.46879062056541443,0.5957446808510638,0.45714285714285713,0.4096555709838867,0.43507272005081177,0.6967451769684115,0.6967451783550198,0.5494761550330031,0.8504172026910372,0.25181626061328105,0.5319148936170213,0.5244565217391304,0.5714285714285714,0.17391304347826086,0.26666666666666666,0.06867761576257797,0.07563457844105172,0.5380434782608695,0.5271761634710594,0.43782350420951843,0.5319148936170213,0.5217391304347826,0.41995659470558167,0.4306130111217499
267,0.734696626663208,0.7332118459832441,0.7332118617119384,1.014158922913814,0.44004971089258943,0.26866938225130854,0.48936170212765956,0.5,0.48936170212765956,1.0,0.6571428571428571,0.0,0.14974565455254088,0.5516304347826086,0.5569861621823446,0.622459352016449,0.6170212765957447,0.6785714285714286,0.6326524019241333,0.645842969417572,0.7583155801774926,0.7583155810105178,1.069238116106682,0.43387467482321557,0.2803145168780089,0.48936170212765956,0.5,0.48936170212765956,1.0,0.6571428571428571,0.0,0.1621773585360101,0.46195652173913043,0.5097351796436465,0.7310585975646973,0.5531914893617021,0.2222222222222222,0.6532848477363586,0.6497174501419067
268,0.7181609272956848,0.7343349470322982,0.7343349562505351,1.0226104917166972,0.43352570185106065,0.2695809323909575,0.48936170212765956,0.5,0.48936170212765956,1.0,0.6571428571428571,0.0,0.15403722575370302,0.5534420289855072,0.5595555931810687,0.7057850360870361,0.5531914893617021,0.3225806451612903,0.6366583704948425,0.6504324674606323,0.7525633736953982,0.752563375096699,1.071243353581683,0.4200277453732376,0.2779267198201911,0.48936170212765956,0.5,0.48936170212765956,1.0,0.6571428571428571,0.0,0.1672773247069501,0.503623188405797,0.5324367749606349,0.622459352016449,0.5319148936170213,0.65625,0.6548804640769958,0.6584739685058594
269,0.6843253970146179,0.744259448602719,0.7442594505230333,1.0285837207513187,0.44757325550221383,0.2740284342644194,0.48936170212765956,0.5,0.48936170212765956,1.0,0.6571428571428571,0.0,0.15070538761767935,0.4972826086956521,0.5109239511644692,0.6791787147521973,0.5319148936170213,0.3888888888888889,0.6391441226005554,0.6410301327705383,0.7502586061235665,0.7502586150912625,1.0441142734000282,0.4436266238125506,0.2762429117293163,0.48936170212765956,0.5,0.48936170212765956,1.0,0.6571428571428571,0.0,0.15379647435025967,0.4846014492753623,0.4675083739669179,0.5926666259765625,0.5319148936170213,0.6666666666666666,0.6433970928192139,0.6429088115692139
270,0.7515671849250793,0.7577073035570964,0.7577073154947459,1.0424704477094873,0.46056317753153697,0.28040745397893646,0.48936170212765956,0.5,0.48936170212765956,1.0,0.6571428571428571,0.0,0.14975328901980783,0.46920289855072467,0.4940316716310568,0.7310585975646973,0.5319148936170213,0.15384615384615385,0.643817126750946,0.6342085003852844,0.7654612974819752,0.7654613127692133,1.0792686776747364,0.4380101493895365,0.28229814695261085,0.5106382978723404,0.5208333333333334,0.5,1.0,0.6666666666666666,0.14433756729740643,0.16039467428592924,0.4492753623188406,0.4498399361897845,0.5926666259765625,0.5319148936170213,0.6666666666666666,0.652802050113678,0.646578311920166
271,0.7075137495994568,0.6965645956085152,0.6965645971183915,0.5352122767322385,0.8649322357822034,0.25157979221386545,0.5531914893617021,0.5461956521739131,0.625,0.21739130434782608,0.3225806451612903,0.12289192304282605,0.08363917913842708,0.5561594202898551,0.5663641971045481,0.46879062056541443,0.574468085106383,0.4444444444444444,0.4111575186252594,0.4256351590156555,0.7078927855493543,0.7078927950876397,0.5749395005358405,0.8466266676634302,0.2572879297991342,0.46808510638297873,0.46105072463768115,0.375,0.13043478260869565,0.1935483870967742,-0.10361475864395138,0.10709083714383713,0.49547101449275366,0.49235484266323504,0.3775406777858734,0.5319148936170213,0.6666666666666666,0.4336841106414795,0.4318197965621948
272,0.7103264927864075,0.708847096332581,0.708847102505987,0.6261814584681801,0.7951069049802201,0.2571767338322875,0.5106382978723404,0.5081521739130435,0.5,0.391304347826087,0.43902439024390244,0.016766318775371096,0.07443213589647983,0.509963768115942,0.5160308425922518,0.43782350420951843,0.5319148936170213,0.6071428571428571,0.46054840087890625,0.4594661593437195,0.7118731405454343,0.7118731510554877,0.6494062016837167,0.7770560547477703,0.25917726296416305,0.46808510638297873,0.46557971014492755,0.4444444444444444,0.34782608695652173,0.3902439024390244,-0.07079112371823351,0.09556034270753251,0.4800724637681159,0.4664214046822742,0.3775406777858734,0.5106382978723404,0.6666666666666666,0.4717862904071808,0.46384990215301514
273,0.6983806490898132,0.7193395508822645,0.7193395657511094,0.6709495664845188,0.7698334780292909,0.2621196605890416,0.5106382978723404,0.509963768115942,0.5,0.4782608695652174,0.4888888888888889,0.019963735237617262,0.05354621150392167,0.47463768115942023,0.49506239432472854,0.5926666259765625,0.5319148936170213,0.15384615384615385,0.48461365699768066,0.4716874361038208,0.710876922538873,0.7108769389576415,0.686812066549724,0.7359881101659028,0.25841543487179397,0.5319148936170213,0.5317028985507246,0.5217391304347826,0.5217391304347826,0.5217391304347826,0.06340579710144928,0.11170863471132643,0.516304347826087,0.5134043931296323,0.46879062056541443,0.574468085106383,0.6153846153846154,0.48926278948783875,0.48263049125671387
274,0.7022420763969421,0.7601453564755692,0.760145372854494,1.0347298504323446,0.47362243972978074,0.28136386023900506,0.46808510638297873,0.4782608695652174,0.4782608695652174,0.9565217391304348,0.6376811594202898,-0.1506131137016415,0.16677685240481763,0.47010869565217395,0.5010707566352501,0.7549149990081787,0.5319148936170213,0.08333333333333333,0.6395695209503174,0.6272358894348145,0.7527897595923876,0.7527897680027931,1.034882401644695,0.4584322372460256,0.27691973181427143,0.48936170212765956,0.5,0.48936170212765956,1.0,0.6571428571428571,0.0,0.17590492012652942,0.5190217391304347,0.5204077094666821,0.622459352016449,0.6170212765957447,0.6666666666666666,0.6373013854026794,0.6355176568031311
275,0.7019293904304504,0.8092968900677362,0.8092969011441532,1.2186192934632898,0.38217788307201095,0.3019970761699056,0.48936170212765956,0.5,0.48936170212765956,1.0,0.6571428571428571,0.0,0.25961440801620483,0.4565217391304348,0.4724183388996565,0.7549149990081787,0.5319148936170213,0.3125,0.6999618411064148,0.6858651638031006,0.8074644854776016,0.8074644913352075,1.2251146637321915,0.37165561579052914,0.2998507484318557,0.48936170212765956,0.5,0.48936170212765956,1.0,0.6571428571428571,0.0,0.22516192147072325,0.4882246376811594,0.4795420679736168,0.7057850360870361,0.5531914893617021,0.5714285714285714,0.6998276710510254,0.69178706407547
276,0.7414554953575134,0.7558034284937475,0.7558034347623679,1.0733568287164952,0.42444337150588696,0.2789218023113666,0.48936170212765956,0.5,0.48936170212765956,1.0,0.6571428571428571,0.0,0.16561336086151449,0.5018115942028986,0.4997545632386666,0.622459352016449,0.5319148936170213,0.6451612903225806,0.6541444659233093,0.6558416485786438,0.768458920540006,0.7684589240287645,1.1123844120372424,0.4095801539329619,0.2843665910383536,0.48936170212765956,0.5,0.48936170212765956,1.0,0.6571428571428571,0.0,0.17699134666868982,0.509963768115942,0.4950739231021649,0.6791787147521973,0.5531914893617021,0.5531914893617021,0.666461169719696,0.6662402749061584
277,0.683078944683075,0.7123202197758162,0.7123202158397082,0.5325395777834453,0.899917403376678,0.25912380659036166,0.5531914893617021,0.5461956521739131,0.625,0.21739130434782608,0.3225806451612903,0.12289192304282605,0.1358574996603296,0.4818840579710145,0.4997121144492226,0.5,0.5531914893617021,0.3225806451612903,0.409830778837204,0.4112400710582733,0.7021975943565902,0.7021976014667429,0.5307787261610143,0.8810694713509811,0.2544796429380117,0.48936170212765956,0.4809782608695652,0.4,0.08695652173913043,0.14285714285714285,-0.061679395474396125,0.11013522617360377,0.5480072463768115,0.5049211657907309,0.4073334038257599,0.5957446808510638,0.6274509803921569,0.4087583124637604,0.41747283935546875
278,0.6976773142814636,0.7137696203888666,0.7137696116955118,0.5326924835141496,0.902719658493455,0.2598596223210009,0.5319148936170213,0.5244565217391304,0.5714285714285714,0.17391304347826086,0.26666666666666666,0.06867761576257797,0.13123113233992395,0.4773550724637681,0.4916698401026004,0.46879062056541443,0.5319148936170213,0.35294117647058826,0.40986815094947815,0.40988317131996155,0.702603457098157,0.7026034617111667,0.5288880413194331,0.8838717264677582,0.2547179370708171,0.46808510638297873,0.4592391304347826,0.25,0.043478260869565216,0.07407407407407407,-0.14604232941787731,0.13269067064244694,0.5452898550724637,0.503644982020268,0.4073334038257599,0.5957446808510638,0.6274509803921569,0.40755435824394226,0.4161158800125122
279,0.7385050058364868,0.7225201730564952,0.7225201691079992,0.5330779092422228,0.9201990489679399,0.26413055596041785,0.5106382978723404,0.5027173913043478,0.5,0.13043478260869565,0.20689655172413793,0.008141120112822952,0.08880126286060251,0.47192028985507245,0.4887778605401177,0.46879062056541443,0.5319148936170213,0.3125,0.40971240401268005,0.40184497833251953,0.7029316151077719,0.7029316175369654,0.5300152741808289,0.8833660627781516,0.25481078980181077,0.48936170212765956,0.4800724637681159,0.3333333333333333,0.043478260869565216,0.07692307692307693,-0.0815016078203043,0.11101009427232945,0.5615942028985507,0.5256319808512899,0.4073334038257599,0.5957446808510638,0.6545454545454545,0.40856313705444336,0.4160623550415039
280,0.716015636920929,0.7780281802315643,0.7780281925000886,1.1488502769753692,0.3910834086997959,0.28886816944483484,0.48936170212765956,0.5,0.48936170212765956,1.0,0.6571428571428571,0.0,0.216377946290564,0.48641304347826086,0.5148247823596356,0.7549149990081787,0.5531914893617021,0.27586206896551724,0.6796577572822571,0.6782307028770447,0.7511014990532096,0.7511015080686239,1.1183072080036622,0.3679303429190194,0.2766870850878822,0.48936170212765956,0.5,0.48936170212765956,1.0,0.6571428571428571,0.0,0.19153004028695694,0.6476449275362318,0.5767072920506633,0.6791787147521973,0.6382978723404256,0.6909090909090909,0.6690959334373474,0.6932004690170288
281,0.7160740494728088,0.7703057140707219,0.7703057173310358,1.1676169365082687,0.3557200973200106,0.2850405897394755,0.48936170212765956,0.5,0.48936170212765956,1.0,0.6571428571428571,0.0,0.20380523039939552,0.6059782608695652,0.5589371980676328,0.6791787147521973,0.6170212765957447,0.6896551724137931,0.6848337054252625,0.7018626928329468,0.7606511194735098,0.7606511209938005,1.156433715378668,0.3476605877226351,0.28019243163128765,0.48936170212765956,0.5,0.48936170212765956,1.0,0.6571428571428571,0.0,0.20360711407154164,0.6422101449275361,0.5700605873240144,0.6791787147521973,0.6595744680851063,0.7241379310344828,0.6794507503509521,0.7070746421813965
282,0.7737003564834595,0.7802268669271464,0.7802268773476945,1.1304098631752784,0.41481854431021525,0.2905181064107841,0.48936170212765956,0.5,0.48936170212765956,1.0,0.6571428571428571,0.0,0.23049626198220763,0.46648550724637683,0.5037637200911946,0.7549149990081787,0.5531914893617021,0.2222222222222222,0.6742787957191467,0.6639342308044434,0.7420664159270801,0.7420664211559063,1.0928827403082784,0.3759972185621267,0.27299742396292864,0.48936170212765956,0.5,0.48936170212765956,1.0,0.6571428571428571,0.0,0.18489262144616309,0.6539855072463768,0.6119869832684478,0.6791787147521973,0.6382978723404256,0.6666666666666666,0.6615380048751831,0.6875234842300415
283,0.6783286929130554,0.7263094298367483,0.7263094298169335,0.5435036933850181,0.9170632417458886,0.2660358250081162,0.48936170212765956,0.4809782608695652,0.4,0.08695652173913043,0.14285714285714285,-0.061679395474396125,0.170219675657597,0.4157608695652174,0.45092675370734014,0.3208213150501251,0.5319148936170213,0.6764705882352942,0.4162764847278595,0.40314990282058716,0.722862839077762,0.7228628512282476,0.547988196554876,0.9053407517569833,0.264381542944712,0.46808510638297873,0.4583333333333333,0.0,0.0,0.0,-0.2063797291222968,0.11993823469953334,0.4320652173913044,0.4509320351562178,0.3208213150501251,0.48936170212765956,0.6571428571428571,0.41955065727233887,0.4067871570587158
284,0.710465669631958,0.767893422318895,0.7678934343837173,1.1109831075521177,0.40988681890364675,0.284325263467773,0.48936170212765956,0.5,0.48936170212765956,1.0,0.6571428571428571,0.0,0.17689686696580115,0.49184782608695654,0.4891695723333096,0.6513548493385315,0.5106382978723404,0.6101694915254238,0.666971743106842,0.665514349937439,0.7654163940117013,0.7654163973325745,1.1171780560759392,0.39836075342645527,0.28310000318646195,0.48936170212765956,0.5,0.48936170212765956,1.0,0.6571428571428571,0.0,0.18151337288795633,0.5289855072463768,0.5000985826556464,0.6791787147521973,0.5957446808510638,0.6122448979591837,0.6694915890693665,0.6723186373710632
285,0.7430081367492676,0.7034984320357229,0.703498443191373,0.5992241410566281,0.812306410636324,0.25500079110741475,0.48936170212765956,0.4846014492753623,0.46153846153846156,0.2608695652173913,0.3333333333333333,-0.03441662246495444,0.07795393974223035,0.5090579710144928,0.5034350275250408,0.4073334038257599,0.5531914893617021,0.6440677966101694,0.44634783267974854,0.4479678273200989,0.692323327208474,0.6923233357541025,0.5942792360369612,0.7946302224154672,0.24963848066048155,0.574468085106383,0.5706521739130435,0.6,0.391304347826087,0.47368421052631576,0.151532031339051,0.03970248521642482,0.5507246376811594,0.5305462800616242,0.5,0.574468085106383,0.47368421052631576,0.4450649321079254,0.4544532597064972
286,0.7069523930549622,0.7068931746268812,0.7068931833170445,0.5936788757354888,0.825029852097798,0.25654749915043684,0.48936170212765956,0.483695652173913,0.45454545454545453,0.21739130434782608,0.29411764705882354,-0.038499525175450904,0.08008336830646434,0.4882246376811594,0.5068231852610247,0.5312093496322632,0.5531914893617021,0.27586206896551724,0.4447968006134033,0.4426652193069458,0.685704800592893,0.6857048043552634,0.5963403730645175,0.7789546457021284,0.24641225893325874,0.5319148936170213,0.5280797101449275,0.5333333333333333,0.34782608695652173,0.42105263157894735,0.060224268865520264,0.0358928752706406,0.5842391304347826,0.532608695652174,0.43782350420951843,0.5957446808510638,0.6545454545454545,0.44622907042503357,0.46102336049079895
287,0.6930339336395264,0.7202048984827872,0.7202049103848585,0.603771500292482,0.841700642655164,0.26293322637849464,0.5319148936170213,0.5262681159420289,0.5454545454545454,0.2608695652173913,0.35294117647058826,0.0620270127826709,0.11566471673072652,0.4402173913043478,0.4768881363441504,0.5,0.5319148936170213,0.35294117647058826,0.4499579966068268,0.43629172444343567,0.678999762032741,0.6789997633170011,0.5776392070004644,0.784767300342952,0.24307639611705642,0.5957446808510638,0.5905797101449275,0.6666666666666666,0.34782608695652173,0.45714285714285713,0.2076853276163445,0.1280068374694662,0.608695652173913,0.604579299649939,0.46879062056541443,0.5957446808510638,0.5957446808510638,0.4363125264644623,0.45987969636917114
288,0.7015407085418701,0.7112399179870005,0.711239930492457,0.6107238349728262,0.8161262910346799,0.25855591118001947,0.5319148936170213,0.5280797101449275,0.5333333333333333,0.34782608695652173,0.42105263157894735,0.060224268865520264,0.05109774115237784,0.49094202898550726,0.4927800716490051,0.5,0.5319148936170213,0.42105263157894735,0.4527686536312103,0.4484339952468872,0.6860220506180128,0.6860220553550348,0.6004183375168293,0.7753476739688143,0.2465679240180343,0.5106382978723404,0.5072463768115942,0.5,0.34782608695652173,0.41025641025641024,0.015289018630918963,0.048350622679324856,0.566123188405797,0.5377941349745979,0.46879062056541443,0.574468085106383,0.6,0.44784224033355713,0.4639069139957428
289,0.6959501504898071,0.7290901608355767,0.7290901667550516,0.6064152553753047,0.8570987699339178,0.26714140645298085,0.46808510638297873,0.4628623188405797,0.4166666666666667,0.21739130434782608,0.2857142857142857,-0.08515098432270124,0.10994424591673181,0.41032608695652173,0.44858491128388095,0.562176525592804,0.5106382978723404,0.08,0.45147597789764404,0.42995312809944153,0.7011471970781302,0.701147204950126,0.561286301153402,0.8470890176075769,0.2539632454479294,0.48936170212765956,0.4818840579710145,0.42857142857142855,0.13043478260869565,0.2,-0.05087230797227998,0.09560608737012173,0.5163043478260869,0.4965263400046009,0.43782350420951843,0.5319148936170213,0.56,0.4263899624347687,0.43199455738067627
290,0.7051380276679993,0.7842535069999915,0.7842535174724675,1.1153038182210018,0.4388097253870403,0.29116258035473647,0.48936170212765956,0.5,0.48936170212765956,1.0,0.6571428571428571,0.0,0.1839826373343772,0.4338768115942028,0.4708093610181442,0.7772998809814453,0.5319148936170213,0.08333333333333333,0.6655742526054382,0.6483752727508545,0.7413145453099076,0.7413145581212917,1.0673075126771208,0.4011479968456438,0.27162597050586756,0.5106382978723404,0.5208333333333334,0.5,1.0,0.6666666666666666,0.14433756729740643,0.17048775515657788,0.592391304347826,0.5585963073047471,0.6513548493385315,0.5957446808510638,0.6545454545454545,0.6475458145141602,0.6726880669593811
291,0.744188666343689,0.7749273220005545,0.7749273344027705,1.1024912900184363,0.4331214676733804,0.28741435631640166,0.48936170212765956,0.5,0.48936170212765956,1.0,0.6571428571428571,0.0,0.19179510055704319,0.4329710144927536,0.46270636163096845,0.562176525592804,0.5106382978723404,0.6567164179104478,0.663127601146698,0.6508394479751587,0.7305268197422901,0.730526824863164,1.054256902721712,0.39272152622815765,0.267188566604229,0.48936170212765956,0.5,0.48936170212765956,1.0,0.6571428571428571,0.0,0.17151952170311136,0.625,0.5973699869580876,0.6791787147521973,0.6382978723404256,0.6530612244897959,0.6447597146034241,0.6777036786079407
292,0.7036818861961365,0.7344914441343872,0.7344914461006378,0.9947834559642846,0.4628823923298757,0.26952880472398044,0.46808510638297873,0.4782608695652174,0.4782608695652174,0.9565217391304348,0.6376811594202898,-0.1506131137016415,0.1623628944792646,0.5507246376811594,0.5542126821596378,0.622459352016449,0.574468085106383,0.6296296296296297,0.6254400610923767,0.6329598426818848,0.693209704556728,0.6932097135956372,0.9375837781600521,0.43821068970233457,0.2506334494117798,0.5106382978723404,0.519927536231884,0.5,0.9565217391304348,0.6567164179104478,0.0815016078203043,0.18880151814602789,0.6920289855072465,0.6890751596395255,0.622459352016449,0.6382978723404256,0.6909090909090909,0.6037223935127258,0.64861661195755
293,0.694754958152771,0.7355746243382558,0.7355746259177592,0.5116406233516245,0.9692448894650304,0.2694785559024848,0.5319148936170213,0.5235507246376812,0.6,0.13043478260869565,0.21428571428571427,0.07636496582544282,0.11937624850171678,0.4637681159420289,0.4863965486451387,0.5,0.5319148936170213,0.21428571428571427,0.39615365862846375,0.38683566451072693,0.6680775874384232,0.6680775862239764,0.4937142271423057,0.8500219609178936,0.23814174668308932,0.574468085106383,0.5679347826086957,0.6666666666666666,0.2608695652173913,0.375,0.1726150552081586,0.11343415525365383,0.6431159420289855,0.6390191977381914,0.3486451208591461,0.6382978723404256,0.7213114754098361,0.3832205533981323,0.43714097142219543
294,0.7280982732772827,0.7375471401003977,0.7375471372657504,0.46716773862573135,1.0196821619335965,0.27075126814340283,0.46808510638297873,0.4583333333333333,0.0,0.0,0.0,-0.2063797291222968,0.1646107980545531,0.5036231884057971,0.48326854817141585,0.3208213150501251,0.5319148936170213,0.6333333333333333,0.3686251640319824,0.365925669670105,0.6865175463707904,0.6865175416197941,0.44057621466547126,0.9431519697460438,0.24719307834972812,0.5319148936170213,0.5226449275362319,0.6666666666666666,0.08695652173913043,0.15384615384615385,0.09261546343216398,0.13374639920731807,0.6530797101449276,0.613435649019173,0.4073334038257599,0.6170212765957447,0.5714285714285714,0.35217177867889404,0.396392285823822
295,0.7256941199302673,0.7237837171094913,0.7237837191018704,0.48551852269191276,0.9724082718774786,0.2646666016068415,0.48936170212765956,0.4800724637681159,0.3333333333333333,0.043478260869565216,0.07692307692307693,-0.0815016078203043,0.13186828570162995,0.5226449275362319,0.4930054210540688,0.3486451208591461,0.5957446808510638,0.6666666666666666,0.3795543611049652,0.38337936997413635,0.6863685914189056,0.6863685890762188,0.48229612813877215,0.8993137657065978,0.2464656415299737,0.5319148936170213,0.5235507246376812,0.6,0.13043478260869565,0.21428571428571427,0.07636496582544282,0.09448280993928301,0.6385869565217391,0.6191665277219275,0.46879062056541443,0.6170212765957447,0.47058823529411764,0.37819361686706543,0.41500353813171387
296,0.7184138298034668,0.7295688917260124,0.7295688923673692,0.5040284072928577,0.9649154854885983,0.2672363455572015,0.48936170212765956,0.4809782608695652,0.4,0.08695652173913043,0.14285714285714285,-0.061679395474396125,0.12849546937232323,0.49547101449275366,0.48686503924117674,0.3486451208591461,0.5319148936170213,0.6206896551724138,0.3897709846496582,0.3877312242984772,0.6736680977702447,0.6736680941731301,0.48402203497409513,0.8715596342069057,0.2405231866029177,0.574468085106383,0.5670289855072463,0.7142857142857143,0.21739130434782608,0.3333333333333333,0.18822753949743593,0.14202345812574346,0.6739130434782609,0.6458840356677515,0.3775406777858734,0.6595744680851063,0.7037037037037037,0.3790859282016754,0.42644354701042175
297,0.7043676972389221,0.7051206547143524,0.7051206545421735,0.8994869277520786,0.5023036738014032,0.2554222098095628,0.5106382978723404,0.519927536231884,0.5,0.9565217391304348,0.6567164179104478,0.0815016078203043,0.10829290050141355,0.5969202898550724,0.5710121862411409,0.562176525592804,0.5957446808510638,0.6545454545454545,0.5851826071739197,0.6106688976287842,0.770391355992973,0.7703913632359098,1.0811745983173913,0.446095813585668,0.285395200688011,0.48936170212765956,0.5,0.48936170212765956,1.0,0.6571428571428571,0.0,0.16852610225373127,0.48007246376811596,0.5262568098897764,0.7057850360870361,0.5531914893617021,0.46153846153846156,0.6539836525917053,0.6450631618499756
298,0.7141063213348389,0.7142319684632771,0.7142319773678096,0.4942383262270251,0.9437905698625414,0.2597598945509677,0.48936170212765956,0.4818840579710145,0.42857142857142855,0.13043478260869565,0.2,-0.05087230797227998,0.13575677066407305,0.5362318840579711,0.5767127055286168,0.5312093496322632,0.574468085106383,0.23076923076923078,0.38471508026123047,0.39701560139656067,0.7200312645255141,0.7200312758344773,0.6180026912448183,0.8264958858410784,0.26280052966414114,0.48936170212765956,0.4873188405797102,0.47368421052631576,0.391304347826087,0.42857142857142855,-0.02583465585551993,0.08281959688409846,0.4510869565217391,0.4769620396968369,0.43782350420951843,0.5531914893617021,0.6037735849056604,0.4556328058242798,0.4447629749774933
299,0.7174537181854248,0.7203012893449826,0.7203012802074432,0.463986144498264,0.9877605522518046,0.26204827839576483,0.5531914893617021,0.5443840579710145,0.75,0.13043478260869565,0.2222222222222222,0.15902386981057753,0.22763902519611603,0.5507246376811594,0.546467063751784,0.3208213150501251,0.5957446808510638,0.6984126984126984,0.3662901818752289,0.3809531331062317,0.7196325462341913,0.7196325525618635,0.5540714893986592,0.8923919228191204,0.2622651759810503,0.574468085106383,0.5679347826086957,0.6666666666666666,0.2608695652173913,0.375,0.1726150552081586,0.1226418544637396,0.4918478260869565,0.5321079901888367,0.5,0.574468085106383,0.375,0.4204593598842621,0.4174787402153015
300,0.7101026773452759,0.7315467098417786,0.7315467054754031,0.4669905926403816,1.007605257998904,0.2671218522247843,0.48936170212765956,0.4809782608695652,0.4,0.08695652173913043,0.14285714285714285,-0.061679395474396125,0.14097526669502258,0.5217391304347826,0.5284622350815141,0.3486451208591461,0.5531914893617021,0.631578947368421,0.36861279606819153,0.37347277998924255,0.7229213729715434,0.7229213749121863,0.5561621396187703,0.8969310117400989,0.26386391718584257,0.48936170212765956,0.48278985507246375,0.4444444444444444,0.17391304347826086,0.25,-0.043729147319400176,0.10027049069708967,0.4846014492753623,0.4856898020300138,0.43782350420951843,0.5319148936170213,0.5416666666666666,0.42166784405708313,0.4147760272026062
